===== Tracker Values =====

[Train Loss Tracker]
[0.40711778979147634, 0.3347015676479186, 0.3207462728023529, 0.29909357572755507, 0.29042099223982903, 0.2836609963447817, 0.27177548264303514, 0.27713339751766575, 0.30919000987083683, 0.25489956332791236, 0.25491269701911556, 0.25142297389045837, 0.25117106927979377, 0.22642910240157957, 0.21400205935201339, 0.2061890080090492, 0.1994680115772832, 0.19382369205836328, 0.18932858638225064, 0.1965527527274624, 0.18085359583698934, 0.17443577897164128, 0.16901264387753703, 0.16843734921947603, 0.16700011011092894, 0.20690199396302622, 0.21047506745784514, 0.19486678499848611, 0.17074401700688946, 0.16142132469723303, 0.1599302133244853, 0.1550396656797778, 0.15836046155421965, 0.1525839153797396, 0.1494690256734048, 0.14397158137252253, 0.14956868463946926, 0.16334315137036384, 0.1542162078042184, 0.1510675924439584, 0.1489289508711907]

[Val Loss Tracker]
[0.43397545137188653, 0.3865507190877741, 0.3430424373258244, 0.3521360213106329, 0.342434438792142, 0.3252574842084538, 0.31092117726802826, 0.3381712612780658, 0.33365103602409363, 0.28711689737710083, 0.29487241398204456, 0.3202380971475081, 0.28155593980442395, 0.2621572667902166, 0.25676593455401336, 0.25131918489933014, 0.24295744028958408, 0.23742649094624954, 0.2523894702846354, 0.2218982685695995, 0.21484249152920462, 0.21416065096855164, 0.21128785068338568, 0.2035048780116168, 0.20481218804012646, 0.2809573466127569, 0.25764242762869055, 0.21132988144050946, 0.1982966187325391, 0.19502884555946698, 0.18943307277831165, 0.18626020713285965, 0.19102555242451755, 0.18820492923259735, 0.18320224637334998, 0.1795026111331853, 0.19448261775753714, 0.2047914293679324, 0.18457326292991638, 0.18498212640935724, 0.18323456292802637]

[Macro Recall]
[0.011431847937955838, 0.026275231550303906, 0.04615672623222242, 0.06822408542151168, 0.08846103626494807, 0.10709735286294603, 0.12427760939787608, 0.1406823839846, 0.15645550883478587, 0.17091191227909724]

[Macro Precision]
[0.02451235703707966, 0.026994757491236795, 0.029511239944396243, 0.031247091645620423, 0.03203036215163188, 0.03234242945588501, 0.03245555668708036, 0.0324856503400893, 0.03244509050810564, 0.03231720593084321]

[Macro NDCG]
[0.024137130195898044, 0.029707021366490543, 0.03749596632658194, 0.04599228446036791, 0.05365199743315569, 0.06062340776510309, 0.06705663588285425, 0.0731686963304755, 0.07898974143839488, 0.08436147850714314]

[Micro Recall]
[0.006627235858900675, 0.014596770484224223, 0.023936247416497608, 0.03379223726675907, 0.04329913363758926, 0.052465189193487874, 0.06142348536338011, 0.07026335868324872, 0.07894758559643421, 0.08737378689438788]

[Micro Precision]
[0.024512357037043363, 0.026994757491280275, 0.029511239944387285, 0.031247091645712287, 0.03203036215147777, 0.03234242945595453, 0.032455556687217516, 0.032485650340037316, 0.032445090508222606, 0.03231720593069472]

[Micro NDCG]
[0.026089067028144487, 0.032998304539886024, 0.040055050434759404, 0.04663548689469045, 0.052294127368967026, 0.05737302155044232, 0.0621404205860873, 0.0667333747090376, 0.07116917617393324, 0.07540562348600653]

