===== Tracker Values =====

[Train Loss Tracker]
[0.6893519417893502, 0.32897690659569157, 0.2514212822481509, 0.19117133283326704, 0.1994195835244271, 0.18629070563662437, 0.1509301256268255, 0.14012336496624253, 0.12459830533067186, 0.12462964533798156, 0.10816392651008021, 0.11665423118299054, 0.09964419973473396, 0.09962712300400581, 0.09337824787343701, 0.09606079955495173, 0.08044703637114575, 0.08262722068884026, 0.07957879714517584, 0.08509560590309481, 0.07332862709318438]

[Val Loss Tracker]
[0.33408440107649023, 0.32412008941173553, 0.30539212985472247, 0.3028940531340512, 0.2865457981824875, 0.2523887645114552, 0.2591275897893039, 0.23967414146119898, 0.2112832719629461, 0.21999873356385666, 0.20472009615464645, 0.21116539971394974, 0.22209247946739197, 0.19218728759072043, 0.2170690203254873, 0.17926613309166647, 0.1852544823830778, 0.2211932973428206, 0.196527514945377, 0.19503517177971927, 0.19066110321066596]

[Macro Recall]
[0.30841665925941975, 0.5240316427178203, 0.6565446715618453, 0.7781533070042428, 0.8600045809366424, 0.8686840354081098, 0.8735630488861678, 0.876371601656462, 0.8801148942806473, 0.8844745529439335]

[Macro Precision]
[0.14717948717948595, 0.1327350427350425, 0.11792022792022751, 0.10961538461538452, 0.1014188034188044, 0.08541310541310491, 0.07373626373626432, 0.06475427350427347, 0.05783475783475864, 0.05235897435897486]

[Macro NDCG]
[0.2380130451518084, 0.32760311062807074, 0.3787536236913859, 0.422489167576354, 0.45231430792902716, 0.4548723748739882, 0.45633900229959257, 0.4571151236221295, 0.4581529003897457, 0.4593498528252793]

[Micro Recall]
[0.23434948285247686, 0.4227000544365814, 0.5632825258573761, 0.6981491562329886, 0.8074305933587371, 0.8160043549265106, 0.8218562874251497, 0.8248502994011976, 0.8287969515514426, 0.8336962438758846]

[Micro Precision]
[0.14717948717948717, 0.13273504273504275, 0.11792022792022792, 0.10961538461538461, 0.10141880341880342, 0.08541310541310541, 0.07373626373626374, 0.0647542735042735, 0.05783475783475783, 0.05235897435897436]

[Micro NDCG]
[0.2228945144686293, 0.30962607053402547, 0.36576053300476635, 0.4155049123618892, 0.45363622840525547, 0.456506523989811, 0.4583874032826026, 0.4593194524501646, 0.460516056169294, 0.4619636705611982]

