===== Tracker Values =====

[Train Loss Tracker]
[1.2977977356603068, 0.8568411700187191, 0.5809559437536425, 0.3769866612649733, 0.28513460233807564, 0.23989141804556693, 0.21467919070874492, 0.18991827973044448, 0.17470352141366852, 0.17926510086944025, 0.15721264920167385, 0.15399842084415497, 0.14170735617799143, 0.13364718632111627, 0.12770684880595054, 0.13064435100363148, 0.11922137996542358, 0.11509035143160051, 0.10692667847615667, 0.09965047600769228, 0.09664334242622699, 0.09531487007775614, 0.10286928713321686, 0.09511691115556224, 0.08863773617532945, 0.0931519813114597, 0.07983057478427767, 0.0864172886696554, 0.08174492751112988, 0.08369083331912876, 0.07483659946029225]

[Val Loss Tracker]
[0.7745154716751792, 0.5145301222801208, 0.30837664820931177, 0.2533322667533701, 0.22473649951544675, 0.22571108422496103, 0.20418838276104492, 0.19331558048725128, 0.1842334893616763, 0.17682292380116202, 0.1808119836178693, 0.1737758286974647, 0.1641890203410929, 0.16177767582915045, 0.16174680604176087, 0.15727068754759702, 0.15265200354836203, 0.15477358617565848, 0.15346390279856595, 0.15325471623377365, 0.14622825655070218, 0.15392325141213156, 0.142850437624888, 0.14345619082450867, 0.14170073853297668, 0.13581683283502405, 0.14425610886378723, 0.1453287980773232, 0.1489573446187106, 0.14056151224808258, 0.140080296180465]

[Macro Recall]
[0.21431427734186806, 0.42746955712028745, 0.6067091722587362, 0.7499878557621866, 0.8576035824243853, 0.8621293627721869, 0.8658992306043374, 0.8675292504177818, 0.8702208820963144, 0.8728842095546814]

[Macro Precision]
[0.11059829059829011, 0.11162393162393121, 0.10968660968660958, 0.10606837606837596, 0.10066666666666765, 0.08440170940170894, 0.07273504273504335, 0.06392094017094016, 0.05704653371320114, 0.051581196581197065]

[Macro NDCG]
[0.16409192674520223, 0.25150990487897984, 0.3177214641048723, 0.3682443778424655, 0.40531692118065377, 0.4067080553106094, 0.4078477301615708, 0.40844307934610424, 0.409205348998531, 0.41000075119460067]

[Micro Recall]
[0.17610234077299947, 0.35547087642896025, 0.5239520958083832, 0.6755579749591726, 0.8014425694066413, 0.8063418617310832, 0.8106967882416984, 0.8142351660315732, 0.8175013609145345, 0.8213119216113228]

[Micro Precision]
[0.1105982905982906, 0.11162393162393162, 0.10968660968660969, 0.10606837606837607, 0.10066666666666667, 0.08440170940170941, 0.07273504273504273, 0.06392094017094017, 0.05704653371320038, 0.05158119658119658]

[Micro NDCG]
[0.16322285584658514, 0.24715653367702015, 0.31549311376668887, 0.37172122778826605, 0.41577904396328125, 0.41742304516714435, 0.418828860055634, 0.4199326733981018, 0.4209244109328923, 0.4220500047367465]

