===== Tracker Values =====

[Train Loss Tracker]
[1.2995567898596487, 0.9749717914289043, 0.8483222972962164, 0.7343116402626038, 0.644886560978428, 0.5634899807553138, 0.5179716156375024, 0.464683904763191, 0.43051376362000743, 0.40755901509715664, 0.3861988090699719, 0.3584723472595215, 0.3440189948005061, 0.3230604265005358, 0.30639521104674183, 0.3060503553959631, 0.2887413146034364, 0.28061176451944536, 0.28039075578412703, 0.2643028048257674, 0.2743386429163717, 0.2605209175136782, 0.25947193753334785]

[Val Loss Tracker]
[1.2478231679309497, 1.0366137732159009, 0.809030148116025, 0.7133739969947122, 0.6776940849694338, 0.6352117711847479, 0.5840292518789117, 0.5575561306693337, 0.5149065337397836, 0.4987857395952398, 0.5210507837208834, 0.5304289866577495, 0.5019326128742911, 0.5305314849723469, 0.5304642563516443, 0.5155400525439869, 0.5495223267511888, 0.5225743488831953, 0.5213130441578951, 0.5322647067633542, 0.546594803983515, 0.5498192743821577, 0.5528240664438768]

[Macro Recall]
[0.026844901601040666, 0.049469444906894075, 0.0683846646587202, 0.0872244699711825, 0.10081087511326411, 0.11443168996069593, 0.1290943774357763, 0.14459578907762552, 0.1554696638570941, 0.16543473508843534]

[Macro Precision]
[0.037213114754098386, 0.03401639344262302, 0.03300546448087435, 0.03213114754098365, 0.031049180327868697, 0.030136612021858016, 0.030210772833723663, 0.0299180327868852, 0.029599271402550077, 0.02916393442622941]

[Macro NDCG]
[0.04418127503115338, 0.05002668054929178, 0.057211877943942564, 0.06408934777093388, 0.06937955130798037, 0.07445492375644865, 0.0802253836837689, 0.08588789032871835, 0.09016664388039167, 0.09411804346312277]

[Micro Recall]
[0.011118185825537542, 0.02032619875593868, 0.0295831904785228, 0.03839937307146006, 0.04638291619728657, 0.054023607777832196, 0.06318264191605034, 0.07150903658715776, 0.07959053729735024, 0.08713327129352991]

[Micro Precision]
[0.03721311475409836, 0.03401639344262295, 0.03300546448087432, 0.032131147540983604, 0.031049180327868853, 0.030136612021857922, 0.030210772833723653, 0.029918032786885245, 0.02959927140255009, 0.02916393442622951]

[Micro NDCG]
[0.044038519369128004, 0.0479620806036213, 0.05290995027372526, 0.057632915972154156, 0.061631230396425124, 0.06541008683079393, 0.07031820476806322, 0.07446693121788464, 0.07845725333755069, 0.0821519380819154]

