===== Tracker Values =====

[Train Loss Tracker]
[1.2139939915749334, 0.9184450507164001, 0.6804409161690743, 0.4644330499633666, 0.321460795979346, 0.27299486292946723, 0.25186162850549143, 0.23928531379468979, 0.21252588675387443, 0.20826384184821958, 0.20036038179551402, 0.19117788177344106, 0.18478329960376985, 0.1926117875883656, 0.1765207052230835, 0.17182941085869266, 0.17822285669465218, 0.16600634397998934, 0.16224824372799165, 0.16011587049691908, 0.16140901994320653, 0.16489890506190638, 0.15895407046041182, 0.15374887662549172, 0.16039831647949834, 0.15568166490524046, 0.15168735312838708, 0.15538713528263953, 0.1505021063550826, 0.1553013175725937, 0.15146126477949082, 0.14680451250845386, 0.14303134814385446, 0.14911250289409392, 0.1418063314932008, 0.1455442790062197, 0.14228492182108662, 0.13972240566245972, 0.14331738987276632, 0.14030083461153892, 0.14075228668028308, 0.13833706946142257, 0.1391956041897497, 0.1437999341757067, 0.1360291152471496, 0.1370987671036874, 0.1484964970619448, 0.14084942062054912, 0.14320259565307247, 0.1400086567286522, 0.13353571211618762, 0.13286112645460713, 0.13235664980546122, 0.1330953259621897, 0.13623314471014084, 0.13763079047203064, 0.13372782641841519, 0.13263600680135912, 0.13323826438957645, 0.1299301105881891, 0.13482651066395543, 0.12986774862773956, 0.13644537618083338, 0.14346805647496255, 0.12848261659664492, 0.1391187310218811, 0.13129794453420945, 0.12820631481947437, 0.14625832726878504, 0.14001929038955319]

[Val Loss Tracker]
[0.781044987114993, 0.6123906672000885, 0.4137713746591048, 0.285990526730364, 0.2484567707235163, 0.23046689412810586, 0.21904411776499313, 0.21178448471156033, 0.20488213815472342, 0.19958647950129074, 0.19629871438850055, 0.1938147856430574, 0.1918336586518721, 0.18936919624155218, 0.18785798956047406, 0.18636590513316068, 0.18567665327679028, 0.18427234481681476, 0.18355901132930408, 0.18243782764131372, 0.18146930228580127, 0.18117059089920737, 0.1803459511561827, 0.17898776111277667, 0.17906789549372412, 0.1794030937281522, 0.1788159026341005, 0.17789947377009827, 0.17772665213454852, 0.17675158991055054, 0.1769093403762037, 0.17542985826730728, 0.1755421290343458, 0.17520595409653403, 0.17459030042995105, 0.17452887242490595, 0.17375822839411822, 0.17402289807796478, 0.174576113847169, 0.17440611733631653, 0.17300143837928772, 0.1726237887685949, 0.17270624231208453, 0.17264917425133966, 0.1727292612195015, 0.1726796491579576, 0.17253156751394272, 0.1729014434597709, 0.17231534692374142, 0.17258523878726093, 0.17184929888356815, 0.17132351344281976, 0.17163235965100201, 0.1717267490246079, 0.1720449673858556, 0.17159515822475607, 0.17013997313651172, 0.17018974233757367, 0.17017479037696664, 0.16935096342455258, 0.1692247837781906, 0.1695599528876218, 0.16929602013392883, 0.16912556981498544, 0.16726051406426864, 0.1683105304837227, 0.16802243820645593, 0.16792671246962113, 0.16812435537576675, 0.16889362104914404]

[Macro Recall]
[0.008107138311603545, 0.02398959545015529, 0.04088727550999047, 0.05839856986891655, 0.07467979963101787, 0.09046663910761166, 0.1063762564334934, 0.12158589848218386, 0.13559970860951262, 0.14891864673887123]

[Macro Precision]
[0.0223534509625059, 0.025136932790825413, 0.026958789953853764, 0.028355387019149504, 0.029054555390159498, 0.02939081450989543, 0.02969479280307255, 0.029881285780827292, 0.029966401837331194, 0.02997846216912861]

[Macro NDCG]
[0.022677692726732177, 0.028017276558309566, 0.034135002981098304, 0.04062942440310115, 0.0466677679757369, 0.0524626965974575, 0.05830886078702649, 0.06390295814475273, 0.06910671173365505, 0.07404902062542719]

[Micro Recall]
[0.0060435474061038665, 0.013592196141942828, 0.021865982845884608, 0.03066499681983862, 0.03927639252604077, 0.04767714329920866, 0.056198625360022486, 0.06463036690826968, 0.07291627290972849, 0.08105068769222432]

[Micro Precision]
[0.022353450962478493, 0.02513693279086745, 0.026958789953850554, 0.02835538701924103, 0.02905455539000764, 0.029390814509966317, 0.029694792803199175, 0.029881285780762382, 0.029966401837439538, 0.029978462168981253]

[Micro NDCG]
[0.024792675451506242, 0.03127130886422147, 0.0372366145182729, 0.0429770109143632, 0.048056370804924683, 0.052704566311542134, 0.05730632761576109, 0.061741917008564615, 0.06601705415418947, 0.07015418300619554]

