===== Tracker Values =====

[Train Loss Tracker]
[0.8026554796003527, 0.33045818848956016, 0.22420562961469254, 0.19887075212693983, 0.18354511933941994, 0.1444309471145032, 0.13088291202039992, 0.12062757197887666, 0.11903808386095109, 0.10521949899773445, 0.0987274089167195, 0.0951471124745665, 0.09533635475822995, 0.08860036810379356, 0.08988978449375398, 0.13492009752700407, 0.09111794492890758, 0.0861447136849165, 0.08029185095942774, 0.08041376860872392]

[Val Loss Tracker]
[0.3231388262727044, 0.342163854024627, 0.2742869352752512, 0.25125921991738404, 0.23140109127218073, 0.23655977506529202, 0.23930771107023413, 0.22065927630121057, 0.1891389313069257, 0.18800237774848938, 0.21004317023537375, 0.2049689225175164, 0.21131224794821304, 0.2038051648573442, 0.18067072670568118, 0.20458235930312763, 0.2119975211945447, 0.19219916584816846, 0.18897420303388077, 0.18375186418945139]

[Macro Recall]
[0.2889322704457501, 0.5039304788621767, 0.6603838929105017, 0.7763918872003538, 0.8628916277524328, 0.8691350103115512, 0.8731488163111728, 0.8765454911159226, 0.8798168396278945, 0.8825859480488224]

[Macro Precision]
[0.13820512820512718, 0.12803418803418795, 0.11809116809116776, 0.10914529914529898, 0.10121367521367611, 0.08519943019942974, 0.07356532356532416, 0.06469017094017092, 0.05778727445394188, 0.052264957264957744]

[Macro NDCG]
[0.21715662570156802, 0.30657354569445916, 0.365792852177718, 0.407926615709181, 0.43886483578620217, 0.4409269790343318, 0.442257860167784, 0.44327805633666545, 0.4442162650086632, 0.4450815478369854]

[Micro Recall]
[0.22005988023952097, 0.40772999455634185, 0.5640990745781165, 0.6951551442569407, 0.8057974959172564, 0.8139629831246598, 0.8199510070767556, 0.8240337506804573, 0.8281164942841589, 0.8321992378878607]

[Micro Precision]
[0.1382051282051282, 0.12803418803418803, 0.1180911680911681, 0.10914529914529915, 0.10121367521367522, 0.0851994301994302, 0.07356532356532357, 0.06469017094017095, 0.05778727445394112, 0.052264957264957265]

[Micro NDCG]
[0.20304777246525166, 0.28985469591510865, 0.352827884398172, 0.40123446598961754, 0.43990124157739935, 0.44264433549090704, 0.44456626624358786, 0.4458395199317549, 0.4470775353852748, 0.44828448690966877]

