===== Tracker Values =====

[Train Loss Tracker]
[0.3823792215797209, 0.24628258472488773, 0.20888179384412303, 0.19478508974275283, 0.18113781896329695, 0.16165113569267334, 0.15472489691549732, 0.14455971181873353, 0.14429570494159574, 0.13822349233012046, 0.13290538897197093, 0.12711086556796106, 0.13090385544684627, 0.1356790022503945, 0.12585974076101858, 0.12992991002336626, 0.12150216439077931, 0.1268946042945308, 0.13054681353030667, 0.12341878935694695, 0.11653997592868344, 0.11251473667160157, 0.11196020870439467, 0.11473546922206879, 0.11355874254818886, 0.11505981558753599, 0.110204748328655, 0.1092348579437502, 0.1076927093728896, 0.10727771491773667, 0.1056304954953732, 0.10710128372715365, 0.10862534397071408, 0.10704191485720296, 0.10738704882321819, 0.10830569171136425, 0.10415149534181241, 0.10256342211317632, 0.10112289913118847, 0.10085921157752314, 0.10109917507056267, 0.10323676971658584, 0.10343496633633491, 0.10196574368784504, 0.1050997941244033, 0.10275146533404628, 0.10093791662685332]

[Val Loss Tracker]
[0.6498132293874567, 0.28652165694670245, 0.22534689036282626, 0.21420767496932636, 0.2096416110342199, 0.1909765980460427, 0.18802484599026767, 0.17710584673014554, 0.17443232373757797, 0.17137490077452225, 0.16451480104164642, 0.1627422266385772, 0.15938235480677, 0.1584124118089676, 0.15662033314054663, 0.15391232479702344, 0.16114627908576618, 0.1505870595574379, 0.1575442755764181, 0.15674672749909488, 0.14927090094848114, 0.14737866615707224, 0.14513243463906375, 0.1445696306499568, 0.14641626111485742, 0.14525263485583392, 0.1440152939070355, 0.1433042585849762, 0.14147273586554962, 0.14055280861529437, 0.14018337699499997, 0.13995368101380087, 0.1395900398492813, 0.14320371841842477, 0.13762798769907517, 0.13894399120049042, 0.13891455937515607, 0.13763083585283972, 0.13622542809356342, 0.13592610982331363, 0.1367603445594961, 0.13390331038019873, 0.14105703952637585, 0.13534548540006985, 0.13628420436924155, 0.1359116719527678, 0.13551849600943652]

[Macro Recall]
[0.014218588246703138, 0.03270288556792412, 0.05386831848860515, 0.07777697278257674, 0.10079921217709284, 0.12082621744737419, 0.1400898938104281, 0.15842883403747837, 0.17562888125157058, 0.19187621400746832]

[Macro Precision]
[0.023831215126466264, 0.02664041854682309, 0.02882483275629264, 0.03077711226557954, 0.03188098480627462, 0.032362174246460845, 0.03269264664342661, 0.03286504382280865, 0.03294337075463217, 0.03293119420777055]

[Macro NDCG]
[0.02426377696417226, 0.03151243466177426, 0.03977444801943585, 0.04897420960980112, 0.057588876735243745, 0.06507614000362846, 0.0722262726481596, 0.07897187434723413, 0.0853003176699669, 0.09124778036074872]

[Micro Recall]
[0.006443080247582243, 0.014405170161573897, 0.02337950997294107, 0.03328397701327069, 0.04309720305657917, 0.05249721876549719, 0.06187218792621333, 0.07108395054703334, 0.08016003474660309, 0.08903378438857884]

[Micro Precision]
[0.0238312151264307, 0.026640418546868796, 0.02882483275628738, 0.030777112265677364, 0.03188098480611683, 0.03236217424653168, 0.032692646643568565, 0.03286504382276222, 0.03294337075475144, 0.032931194207625546]

[Micro NDCG]
[0.025360477182712074, 0.03243524786920375, 0.039123198455515075, 0.045829045207416555, 0.05181756004127519, 0.05711057827298436, 0.06220430366341525, 0.06706151549525949, 0.07175639932120771, 0.07627435356436262]

