===== Tracker Values =====

[Train Loss Tracker]
[0.26302123472334876, 0.16226200483018352, 0.14526271964273146, 0.13672456854293424, 0.1278259996362331, 0.12374544408052199, 0.12355540509170462, 0.11526527231739413, 0.10731443938528819, 0.1013909240042971, 0.09622572037962175, 0.09845344121417691, 0.10473142010760644, 0.09461043838171228, 0.0943205388443124, 0.086165102018464, 0.08341958313699692, 0.08110284793280786, 0.07679159939289093, 0.076112657665245, 0.07316390689342253, 0.07053376668162885, 0.0748060125737421, 0.06848818452788456, 0.06646935810004512, 0.06392598823614178, 0.07099696056496713, 0.08190001511285382, 0.06985204582733492, 0.06583488311979079, 0.08326463515479718]

[Val Loss Tracker]
[0.20659619705243545, 0.179733391512524, 0.16635466841134158, 0.16522197831760754, 0.15053670785643838, 0.16000540419058365, 0.14520105584101242, 0.1389032006263733, 0.12904018773273987, 0.12823449955745178, 0.12030061266639015, 0.11858087845823982, 0.13269263099540363, 0.12661282853646713, 0.10880997641520067, 0.11167405207048763, 0.10415354777466167, 0.10096308250318874, 0.09712679345499385, 0.0997731394388459, 0.09180243584242734, 0.09356828778982162, 0.09312251887538216, 0.08850713819265366, 0.08340528404170816, 0.08252073011615059, 0.08842786198312585, 0.09957536309957504, 0.08664165301756425, 0.10148357464508577, 0.09627226807854393]

[Macro Recall]
[0.02912331213238307, 0.05365081331445299, 0.0792967817459641, 0.10181436345381763, 0.12226960919396034, 0.14166247721924916, 0.16044954314783424, 0.17935787406563955, 0.19653677691169036, 0.21212608704715535]

[Macro Precision]
[0.040689426052516374, 0.03883881605259227, 0.0384651667374453, 0.037774161596142844, 0.03718163417233021, 0.03662880955166427, 0.036195087481189554, 0.0358056582646678, 0.03537302383192332, 0.034844377726279234]

[Macro NDCG]
[0.04514066723715471, 0.05316526519080073, 0.06284704476439061, 0.07143553087606551, 0.07929498000850858, 0.08669654018007053, 0.0938103261458488, 0.10077158405762912, 0.10713411146688596, 0.11285505946990192]

[Micro Recall]
[0.013060015011602298, 0.024932055813461192, 0.03703829498845102, 0.04849723039689515, 0.05967062546170748, 0.07054011555497806, 0.08132232429839717, 0.09193984379797883, 0.10218256691290407, 0.11183939915676737]

[Micro Precision]
[0.040689426052503676, 0.0388388160525652, 0.038465166737418045, 0.03777416159615112, 0.037181634172301144, 0.03662880955164133, 0.03619508748122452, 0.03580565826468399, 0.03537302383193574, 0.03484437772623523]

[Micro NDCG]
[0.04511163995345723, 0.05162049267915899, 0.05882780062826859, 0.06523359841964785, 0.07128263800561045, 0.07701713467198343, 0.0826211255822337, 0.08805639901291315, 0.09319893475267163, 0.09793712800211658]

