===== Tracker Values =====

[Train Loss Tracker]
[0.5077005665629141, 0.14678551641202742, 0.12038173406354842, 0.10569856212204022, 0.10979849340454224, 0.09521182641507156, 0.09135414705040955, 0.0946814583674554, 0.08884434771513747, 0.08630685581855717, 0.092359404890768, 0.08358536130042686, 0.08709443120225784, 0.08606523419580152, 0.08288102428759297, 0.07841326638815864, 0.07694861064514806, 0.07593443905634265, 0.07439986297920827, 0.07290151420109454, 0.07329188407428804, 0.07144327901844535, 0.07086671930888007, 0.07592407469787905, 0.0727738835398228, 0.07074038119566056, 0.06920871139042109, 0.06877361766753658, 0.06780640816976947, 0.06739722492714081, 0.0676935714098715, 0.07530528210824536, 0.06908201052987527, 0.06696753462235774, 0.06800137988982662, 0.07446740423479388, 0.06940537937466175, 0.07328611804592994, 0.07117501820527738, 0.0678501478846996, 0.06568590450971838, 0.06454349674224373, 0.06925128208052728, 0.06452255766658534, 0.07331513757667234, 0.06660888458211575, 0.06581821701219005, 0.07012334105468565, 0.06624870242611054, 0.07646428937873533, 0.0708100279012034, 0.0684796134310384, 0.06413170451959295, 0.06254422527948214, 0.0637210279462799, 0.061857593561252276, 0.06109203764748189, 0.060879900991435976, 0.06064646186367158, 0.05985761445856864, 0.05939173470101049, 0.06108176251572947, 0.05897181153657936, 0.06329540475722283, 0.05919901804337578, 0.0570773638995184, 0.059185215181881384, 0.06573300580343892, 0.06008677364837739, 0.058631536701033195, 0.05627885992608724, 0.06659250802570774, 0.05981847794065552]

[Val Loss Tracker]
[0.11146595125848596, 0.1044061617417769, 0.11099980297413739, 0.10836098884994333, 0.10298514501615004, 0.1074296933683482, 0.09760905463587154, 0.09709504382176833, 0.09673939645290375, 0.09938899698582562, 0.09541702338240364, 0.09740147942846472, 0.09282274544239044, 0.0915439867160537, 0.09057205373590643, 0.08885945921594446, 0.0935165976936167, 0.08768934688784859, 0.09000553597103465, 0.08493243767456575, 0.08374792472882704, 0.08680991286581213, 0.08429913019592111, 0.08136383850466121, 0.08395463973283768, 0.08165964822877537, 0.08138700032776053, 0.08155976709994403, 0.08056812394749034, 0.07834671505472877, 0.07868941128253937, 0.07718781449578026, 0.077404992824251, 0.07875220816243779, 0.07670217955654318, 0.07665688476779244, 0.07880746776407416, 0.07813260636546394, 0.07599962299520319, 0.07677008008415048, 0.07668903199109164, 0.07594357905062762, 0.07584465159611269, 0.0753858048807491, 0.07486883618614891, 0.07722819190133702, 0.07563959874890068, 0.07481468197974292, 0.07409581474282524, 0.07516300136392767, 0.07745719159191305, 0.07620111920616844, 0.07592167298902165, 0.07377926734360782, 0.07379521429538727, 0.07247474857351997, 0.07196326960216869, 0.07149413092569872, 0.0711909302256324, 0.07111573151566765, 0.06991489705714313, 0.06967851316387003, 0.06929702379486778, 0.06873028318990361, 0.0693432471968911, 0.06716754490678961, 0.06693005155433308, 0.06545579094778407, 0.06804999370466579, 0.06593905524774031, 0.06555225429209796, 0.06695563346147537, 0.06733647666194222]

[Macro Recall]
[0.023698059267855308, 0.04619896667477696, 0.06904294513308354, 0.09258090384564442, 0.11562239310187725, 0.139261080678678, 0.1587682664797295, 0.1775650812315149, 0.19581634958794097, 0.21224717226435297]

[Macro Precision]
[0.0380685488584516, 0.03715770174912267, 0.037048498532702014, 0.03706849348779048, 0.03717117527272918, 0.037281465394395405, 0.036903392286922375, 0.03654016525059845, 0.036186425442047386, 0.03574587334892132]

[Macro NDCG]
[0.040899254978971775, 0.04814221253235834, 0.05669040552962304, 0.06562187467402748, 0.07442420362302357, 0.08326638218944642, 0.09061478747083526, 0.09760979542251318, 0.10431005210811217, 0.11033198155299995]

[Micro Recall]
[0.012218796571857135, 0.02385288708735619, 0.03567417832606614, 0.04759124208667196, 0.05965384058673604, 0.07179700648666304, 0.08291372791480708, 0.09382587133741686, 0.1045322519397885, 0.1147329141327265]

[Micro Precision]
[0.03806854885844187, 0.037157701749097154, 0.03704849853267791, 0.03706849348779692, 0.037171175272700425, 0.03728146539437229, 0.03690339228695705, 0.03654016525061369, 0.036186425442059404, 0.03574587334887813]

[Micro NDCG]
[0.04172948885667753, 0.048762185800155455, 0.055985406396703956, 0.06300892448464619, 0.06988950988981449, 0.07662417238473979, 0.082475982089267, 0.08811087762483191, 0.09354883735630688, 0.09861689280093325]

