===== Tracker Values =====

[Train Loss Tracker]
[0.5135136121703733, 0.38148619883483453, 0.3462767572172226, 0.33628688800719475, 0.3280362179202418, 0.28985302736081425, 0.2868858700798404, 0.25465808225975883, 0.24650056227560965, 0.24329070843035175, 0.23309997781630484, 0.23579929889209808, 0.22283132999174057, 0.21944283982438426, 0.2079272323077725, 0.23534230791753338, 0.2408116724221937, 0.21358211807185604, 0.1938366183350163, 0.19199534409469174, 0.18442224566974946, 0.17882509081954917, 0.18080725689088145, 0.17301332830421387, 0.17437320262674363, 0.16287730526058905, 0.17908105590651113, 0.16139787778017983, 0.1597136146118564, 0.15972161773712404, 0.1579762560225302, 0.16312927656596707, 0.1594948802263506, 0.15671242509157426, 0.15458510191209854, 0.1566100568780976, 0.15815033643476425, 0.15060216669113405, 0.16207186877727509]

[Val Loss Tracker]
[0.8101301166144285, 0.792665728113868, 0.605119832537391, 0.6584753854708238, 0.64676049080762, 0.6115753162990917, 0.5518676340579987, 0.5240968790921298, 0.45726033503359015, 0.53416400605982, 0.5351295118982141, 0.47743001309308136, 0.47001918337561865, 0.5275614234534177, 0.44100235267118976, 0.48343835093758325, 0.5317023884166371, 0.45883880149234424, 0.42867331071333453, 0.46764668822288513, 0.42132541266354645, 0.41692679849537934, 0.3986459889195182, 0.4080532030625777, 0.40514879605986853, 0.3960716182535345, 0.4114087467843836, 0.41632322289726953, 0.4317041581327265, 0.38891599395058374, 0.4031425253911452, 0.3872308947823264, 0.4097775789824399, 0.37963496284051373, 0.39347263357856055, 0.3917671089822596, 0.4037342938509854, 0.40560559792952106, 0.4132597175511447]

[Macro Recall]
[0.026809457840726317, 0.05054839693207171, 0.07269059300819392, 0.0966412554767775, 0.1196305057999094, 0.14024055604137473, 0.1589651266992785, 0.1806314341874309, 0.19527668063443163, 0.2112833603225614]

[Macro Precision]
[0.035737704918032805, 0.03311475409836072, 0.032677595628415324, 0.0329098360655738, 0.033147540983606366, 0.03286885245901649, 0.032786885245901704, 0.03315573770491796, 0.03295081967213119, 0.03257377049180322]

[Macro NDCG]
[0.03798638252209993, 0.046216062248912934, 0.05511359872256572, 0.06460504609137456, 0.07351407744915428, 0.08125684324445816, 0.08844527928392704, 0.09646973597720704, 0.10220791466376739, 0.10806500968866656]

[Micro Recall]
[0.010677376695890679, 0.019787432041925845, 0.029289317725424893, 0.03932997012293677, 0.0495175588969976, 0.05892148699613067, 0.06857030905617867, 0.07924768575206935, 0.08860263505901944, 0.09732086006759073]

[Micro Precision]
[0.035737704918032784, 0.033114754098360656, 0.0326775956284153, 0.03290983606557377, 0.03314754098360656, 0.03286885245901639, 0.03278688524590164, 0.03315573770491803, 0.03295081967213115, 0.03257377049180328]

[Micro NDCG]
[0.03780049298634942, 0.043063991482218775, 0.04890297865739243, 0.055155134651285506, 0.06118787736773021, 0.0663644498419359, 0.07159990608208222, 0.07735879016259022, 0.08215175934908775, 0.08654448698167075]

