===== Tracker Values =====

[Train Loss Tracker]
[0.832032940080089, 0.4904763044849519, 0.4223006781070463, 0.3847187276809446, 0.3671785823760494, 0.35082452431801825, 0.33629642282762834, 0.3178664763728457, 0.32969774257752205, 0.3093062706532017, 0.30004492978895864, 0.2998138320061468, 0.29385059206716474, 0.2888428496737634, 0.28024473738285804, 0.2732784493315604, 0.2685629196705357, 0.2757643442000112, 0.2640282892652096, 0.2643485030820293, 0.26578894017204163, 0.26668992830861, 0.272870107043174, 0.2639746156431014, 0.2692872372365767, 0.2637008044027513, 0.25308372705213483, 0.24561107134626758, 0.23753681121724507, 0.23253844504154497, 0.2375439746725944, 0.24714713952233713]

[Val Loss Tracker]
[0.5612056472084739, 0.5199438766999678, 0.5010477385737679, 0.5003781914710999, 0.5001883723519065, 0.4981792162765156, 0.48897847533226013, 0.48856429891152814, 0.48501532728021796, 0.485065140507438, 0.48130764202638104, 0.4823457192290913, 0.48338436809453095, 0.4826592369513078, 0.481106619943272, 0.47583547505465423, 0.4794623472473838, 0.4792159849947149, 0.47735374624078925, 0.4723303020000458, 0.4722147963263772, 0.47123882987282495, 0.4718031937425787, 0.46932089057835663, 0.47413424199277704, 0.47149310599673877, 0.4665811603719538, 0.46844771775332367, 0.4686320884661241, 0.4668419604951685, 0.4667566581205888, 0.47662918676029553]

[Macro Recall]
[0.003409381647818671, 0.005303258226337513, 0.006696141691124309, 0.007956218471891681, 0.009043776762550049, 0.009901099090173627, 0.010748684874847732, 0.011395538885850437, 0.012051372616775656, 0.012740851192620273]

[Macro Precision]
[0.0037163338576626237, 0.002934042578739633, 0.002537593608786219, 0.0022844346249446925, 0.002093874953470911, 0.0019336143097867101, 0.0018172555221822528, 0.0017122753088940365, 0.0016228858389734527, 0.001553895846591837]

[Macro NDCG]
[0.004871800735883244, 0.005107578411619044, 0.0054391175928662884, 0.005786086189929401, 0.006091172091392052, 0.006336922511978793, 0.0065884226849673095, 0.00678531868802019, 0.006977696868682913, 0.007177783410216382]

[Micro Recall]
[0.002377225336383146, 0.003753634965720334, 0.004869663532364828, 0.005845132410299108, 0.0066969394855976245, 0.007421244329607094, 0.008137100230579336, 0.008762322015334063, 0.00934299482771069, 0.009939797440431112]

[Micro Precision]
[0.003716333857662612, 0.0029340425787394483, 0.0025375936087863177, 0.0022844346249444652, 0.0020938749534707797, 0.001933614309786546, 0.0018172555221822161, 0.0017122753088939853, 0.001622885838973542, 0.0015538958465916596]

[Micro NDCG]
[0.0054397816045950705, 0.005868362992200283, 0.006287684651114798, 0.006677647580823516, 0.007019062778031932, 0.007302141580643912, 0.007588808031623957, 0.007833491646058507, 0.00805919052381967, 0.008294059266691044]

