===== Tracker Values =====

[Train Loss Tracker]
[0.5778738654428913, 0.3908597336661431, 0.3851586897527018, 0.370523399162677, 0.3472216797451819, 0.3648629948016136, 0.343828825219985, 0.38656335588424434, 0.3316414918630354, 0.367888109337899, 0.325631853072874, 0.3603647553151654, 0.3188991282255419, 0.3252831793600513, 0.33158019665748845, 0.3201726405851303, 0.29770475409684644, 0.29347418873540815, 0.29059163697304263, 0.30765054975786515, 0.2768226729766015, 0.27153524419953745, 0.26431240862415684, 0.25364182985598044, 0.24547891607207636, 0.24228347741788434, 0.23614583044282852, 0.2472740695361168, 0.233709710740274, 0.22221408183536223, 0.2281698743181844, 0.21644840653865569, 0.2137145717297831, 0.2017608817306257, 0.19704213738441467, 0.19568599375986284, 0.192166073187705, 0.1883166600619593, 0.18333898869252974, 0.18092650607708963, 0.1761875666918293, 0.1928556720095296, 0.1850850591736455, 0.17381723177048466, 0.18054557375369534, 0.17163882765077776, 0.17138754264000924, 0.16644031734716508, 0.16363484893114336, 0.16253530306200828, 0.16319313501158067, 0.16486805340936106, 0.16472963796507928, 0.15815299124486984, 0.16361999127172655, 0.15983331636075052, 0.1549277651694513, 0.15380670695054915, 0.1560695368436075, 0.1630724572366284, 0.15154828515744978, 0.15164420345137197, 0.1492174033436083, 0.17145355959092418, 0.16409050168529635, 0.15902678187816374, 0.1642436981201172, 0.16161700554432407, 0.15329497259470723, 0.15449511812579247, 0.1517203464022567, 0.15063435007487574, 0.14902862666114683, 0.14679851028467378, 0.14676019825762318, 0.14507486695243466, 0.15089710152918293, 0.14613592216084081, 0.14816403965796193, 0.14405338394065056, 0.15022600418136967, 0.1430275917293564, 0.14419164436478768, 0.14450251791746385, 0.15586328025787108, 0.14700810178633658, 0.14249480924298685, 0.1424194216247528, 0.14379165634032218, 0.15200940543605435, 0.14379766943954653, 0.14236013879699091, 0.14183502956744162, 0.14051563905612116, 0.14790487241360448, 0.14606613545648514, 0.1415933747926066, 0.13984180515211436, 0.14307439711786085, 0.1418456560181033, 0.1540549171547736, 0.14387385306819792, 0.13953519967054168, 0.1396892258236485, 0.1422830216826931, 0.1429866042829329, 0.1394955354832834, 0.13957365205691707, 0.1405626025892073, 0.13838318483002723, 0.14493412788837187]

[Val Loss Tracker]
[0.39751335165717383, 0.33571557836099103, 0.48455537449229846, 0.34360234981233423, 0.3310985429720445, 0.32927100360393524, 0.5032074288888411, 0.33288594809445465, 0.3276632211425088, 0.34530472484501923, 0.3330501480536027, 0.34491620009595697, 0.32013788006522437, 0.3187226531180469, 0.3133763386444612, 0.33789846842939203, 0.3140757287090475, 0.3118406005881049, 0.31956171041185205, 0.30822092294692993, 0.30506559393622656, 0.30666025253859436, 0.3050756820223548, 0.295656836845658, 0.29882949048822577, 0.30227496136318555, 0.29781312427737494, 0.30079143155704846, 0.30833776972510596, 0.2913575646552173, 0.29721610654484143, 0.29981678182428534, 0.273692477833141, 0.2682314786044034, 0.2517192621122707, 0.2599784162911502, 0.24861968511884863, 0.2470663311806592, 0.24323853308504279, 0.23876780813390558, 0.23390506343408066, 0.2448620999401266, 0.2382204613902352, 0.22987264530225235, 0.24029287966814908, 0.22220005501400342, 0.21611173044551502, 0.2197012264620174, 0.218241579153321, 0.21647778424349698, 0.21192955428903754, 0.2152852646329186, 0.21081067621707916, 0.212209629741582, 0.20852567526427182, 0.21886570209806616, 0.21106532487002286, 0.20717438784512607, 0.20693598687648773, 0.2073839157819748, 0.2035443498329683, 0.20030816983092914, 0.1998273120685057, 0.21969819068908691, 0.19665112549608404, 0.19421430203047665, 0.19522507082332263, 0.19594842466441068, 0.19272024523128162, 0.19559021294116974, 0.19543771852146496, 0.195488685911352, 0.19578933986750516, 0.19566565887494522, 0.1935977041721344, 0.18828065151518042, 0.19318851015784524, 0.18702542104504324, 0.18766522136601535, 0.18862784857099707, 0.1890691640702161, 0.1853728931058537, 0.1858702301979065, 0.1875641711733558, 0.18750364739786496, 0.1882161484523253, 0.18700801784341986, 0.1857143911448392, 0.1840034066276117, 0.1860722384669564, 0.18682886253703723, 0.18580925938757983, 0.18600341203537854, 0.18661987646059555, 0.18290659649805588, 0.18322987109422684, 0.18169256909327072, 0.18240064924413507, 0.1831522204659202, 0.18219555508006702, 0.18005586618726904, 0.18583008646965027, 0.1826905906200409, 0.18314180658622223, 0.18271188302473587, 0.1804941249164668, 0.18243871832435782, 0.18426225943998856, 0.18166771260174838, 0.18222193284468216, 0.18084322932091626]

[Macro Recall]
[0.01265713499899384, 0.03111614424545999, 0.03824694487104325, 0.04728687633147319, 0.05572730659368918, 0.08024870202630664, 0.09860906144070679, 0.11763907996553291, 0.13321103482806787, 0.14697839085077982]

[Macro Precision]
[0.022346406875063653, 0.02550365225257519, 0.023922076739294102, 0.024269015834176278, 0.0241875178771674, 0.025468289510512162, 0.02717730913407577, 0.02821784053897726, 0.028424956276750204, 0.02830781808336712]

[Macro NDCG]
[0.022500038126075487, 0.029805641361572446, 0.03225455199860633, 0.036033927340914804, 0.03946109057116514, 0.047669453358701326, 0.05481001758121071, 0.06171981761294154, 0.06728641732172752, 0.07210625107830641]

[Micro Recall]
[0.006041642945065475, 0.013790490933697806, 0.019402937613838437, 0.026245781546661285, 0.03269705674780267, 0.04131410812617943, 0.051434183240431225, 0.06103249374110422, 0.06916552346102668, 0.07653388321856455]

[Micro Precision]
[0.02234640687502935, 0.025503652252613782, 0.023922076739284804, 0.024269015834254757, 0.024187517877040116, 0.02546828951057111, 0.02717730913419932, 0.028217840538936726, 0.028424956276851137, 0.028307818083239768]

[Micro NDCG]
[0.023589649156633027, 0.030592544124592076, 0.03334993950414738, 0.03743115369769545, 0.04091657771832075, 0.04607501941641459, 0.052159252441425726, 0.05755607984138723, 0.06180321980731618, 0.06551713326405863]

