===== Tracker Values =====

[Train Loss Tracker]
[1.1832189521481913, 0.8639829601010969, 0.5767648623835656, 0.36062053374705777, 0.2791015183733356, 0.24626088094326756, 0.23605544576721807, 0.21517701110532206, 0.20331034160429431, 0.19315164704476634, 0.18410729544778023, 0.1798976126217073, 0.18001181512109696, 0.17086544753082336, 0.16989113294309185, 0.16920126541968314, 0.16485420398173795, 0.16106207837020198, 0.16099285694860643, 0.15702921536660963, 0.15780735544620023, 0.15388084563516802, 0.15112854936911213, 0.1550948562160615, 0.15165822063722917, 0.1739095728243551, 0.14799769294838752, 0.1472455183825185, 0.14532846729120902, 0.14556466908224167, 0.15038406224020065, 0.14491163025940618, 0.15372908644137845, 0.1442204579230278, 0.14976577941448457, 0.14168816324203246, 0.14487517985605425, 0.14213121273825247, 0.14107502948853276, 0.1443690643195183, 0.14558156651835288, 0.14214305339321012, 0.1355203447202521, 0.13547042589033803, 0.1359901673370792, 0.1370317698005707, 0.13717035276274528, 0.13508203313235315, 0.13456347055973544, 0.13694746263565555, 0.1330772967588517, 0.13594089977202878, 0.13332875745911751, 0.13216900801466358, 0.13416295907189768, 0.14107651912396954]

[Val Loss Tracker]
[0.7585078748789701, 0.560516663573005, 0.33581202680414374, 0.24982804601842706, 0.2240288962017406, 0.21225732429461044, 0.20318220284852115, 0.19817206669937482, 0.19515391100536694, 0.1920523155819286, 0.18968221138824115, 0.18865251947533002, 0.18717235868627374, 0.18672248179262335, 0.18528372726657175, 0.18390443514693866, 0.1831312585960735, 0.1827700219371102, 0.18192822147499432, 0.18131692436608401, 0.18055262890729037, 0.17920616472309286, 0.17903313447128644, 0.17859606715765866, 0.17841994694688104, 0.17833346534859051, 0.17806585471738468, 0.17654725502837787, 0.17633482746102594, 0.17580040408806366, 0.17530530217018994, 0.17560037970542908, 0.17559357935732062, 0.17427643523974853, 0.1739321364597841, 0.17501960559324783, 0.1748741309751164, 0.17484095286239276, 0.1736659062179652, 0.17298352515155618, 0.17305690253322775, 0.1721660779281096, 0.17308236523108048, 0.1718144491314888, 0.17217151888392188, 0.17205939103256573, 0.17174688455733386, 0.17147302492098374, 0.17177848856557498, 0.17076056653803046, 0.1702900230884552, 0.17081875963644547, 0.17162758992476898, 0.17085411060940137, 0.17064180699261752, 0.17096113142642108]

[Macro Recall]
[0.008866763772297597, 0.022056328647482037, 0.038799614239017656, 0.057327421990373606, 0.07296947248610594, 0.08752238566846782, 0.10137820542692803, 0.11534620926973504, 0.12985999793912, 0.14531728421889337]

[Macro Precision]
[0.024290148096635066, 0.0256962973714482, 0.027433874518475114, 0.028778992823478705, 0.02915914941591719, 0.0292868608557249, 0.02935582277673605, 0.02952788071164659, 0.029756976611153483, 0.02997231460189664]

[Macro NDCG]
[0.023368254179325542, 0.027593786290094645, 0.033663044066831314, 0.04039397062245616, 0.046101563725496314, 0.05146091099168048, 0.0566213442920579, 0.06185180295900218, 0.06721655647194053, 0.07273535914974052]

[Micro Recall]
[0.006567158769780497, 0.013894659181403781, 0.02225131879598588, 0.031123106265982685, 0.039417784330406214, 0.04750851193090015, 0.055557110544787236, 0.06386598550058788, 0.0724066853046073, 0.08103406694134381]

[Micro Precision]
[0.02429014809660219, 0.025696297371488097, 0.027433874518476144, 0.02877899282356909, 0.029159149415767655, 0.029286860855792587, 0.029355822776858557, 0.029527880711580908, 0.029756976611257924, 0.02997231460175291]

[Micro NDCG]
[0.02550148780361668, 0.03139352995724873, 0.03747960310131623, 0.0432726623363419, 0.048046896521718126, 0.052441756117618255, 0.05669238611980728, 0.0610566184023903, 0.06551984588947399, 0.06998725467344044]

