===== Tracker Values =====

[Train Loss Tracker]
[0.316792203534034, 0.14103028202249157, 0.11657875906976481, 0.10069334672457884, 0.10069508057448172, 0.08790932098523743, 0.07895366735606184, 0.09180599402996802, 0.0775144289758417, 0.07054773201384852, 0.07875019720485134, 0.07159814703834033, 0.06586257873042937, 0.06333587030249258, 0.06248317562764691, 0.05832307668583047, 0.05719382255788772, 0.0551377268838546, 0.05476300526530512, 0.05272699480185345, 0.05197368090551707, 0.05128641654887507, 0.050043096750854485, 0.052495440648448084, 0.05055285173077737, 0.04866735078394413, 0.04745152249797097, 0.047361262142658234, 0.04792788074982743, 0.04593717652342973, 0.04589049482057171, 0.04765077620264022, 0.04588815712580277, 0.044469494853288896, 0.043731169384573734, 0.043035068218746496, 0.04273066498459347, 0.04726533567713153, 0.045899042649374854, 0.044060746027577306, 0.0420122746633546, 0.0418976557951781, 0.04178139924882881, 0.04095827733286687, 0.04867617401384538, 0.041736999556662574, 0.040309972535338134, 0.04104154232528902, 0.04087103113171554, 0.04218603886904255, 0.044895602239956776, 0.042905776250746944]

[Val Loss Tracker]
[0.5300644798712297, 0.10956536504355344, 0.11512656238946048, 0.10192573747851631, 0.09336682138117877, 0.0901766534556042, 0.0860195667906241, 0.08122536065903577, 0.08005526526407762, 0.07825177095153114, 0.0755257247523828, 0.07683246244083751, 0.0739632174372673, 0.07149171761491081, 0.07083880494941365, 0.06867876852100546, 0.06767038391395049, 0.06676841527223587, 0.0661167251792821, 0.06555460867556659, 0.06525209952484477, 0.06444456665353342, 0.06304917586120692, 0.06309048052538525, 0.06264835223555565, 0.06246594949202104, 0.06121305714954029, 0.061207350343465805, 0.06315524503588676, 0.06026424806226383, 0.05995409427718683, 0.05925361642783338, 0.05904702300375158, 0.05860647525299679, 0.057619917799126015, 0.057811022820797836, 0.05736066875132648, 0.05735585635358637, 0.05941044979474761, 0.05806985260410742, 0.05688693814656951, 0.057385065338828346, 0.057241987098347054, 0.05630850521000949, 0.05611878125505014, 0.05694316192106767, 0.0553348030556332, 0.055972000414674934, 0.05584483424370939, 0.05577750537883152, 0.05795787613500248, 0.057244259186766365]

[Macro Recall]
[0.029715287605809722, 0.05761151483638642, 0.08494437954110617, 0.1117983012403348, 0.13921892657245516, 0.16388780319569218, 0.18703185252175936, 0.20805359429509993, 0.22757512363646623, 0.24559810592006526]

[Macro Precision]
[0.0401917054774006, 0.04031382851098982, 0.040332182854409336, 0.04019232070676506, 0.04042475436970486, 0.04027558175067992, 0.039970047117746106, 0.039510415833528, 0.03904539640937493, 0.03852560277103818]

[Macro NDCG]
[0.04318174264860128, 0.0537689299351749, 0.06453872066804356, 0.07490266927277772, 0.08543048816877873, 0.09483464483883103, 0.10351894095290884, 0.11133708994104363, 0.11857816592933079, 0.12522140286889438]

[Micro Recall]
[0.012900262495697642, 0.02587892023096778, 0.038836053832451006, 0.05160183985925981, 0.06487531898667538, 0.07756310471214631, 0.08980382035602497, 0.10145272105532235, 0.11279100283308943, 0.12365496379107531]

[Micro Precision]
[0.04019170547738724, 0.04031382851096031, 0.04033218285437726, 0.040192320706775524, 0.04042475436966673, 0.04027558175065573, 0.039970047117782154, 0.03951041583354354, 0.03904539640938457, 0.038525602770993164]

[Micro NDCG]
[0.04317147550612352, 0.05180009153721764, 0.05991433450708409, 0.06743951408702008, 0.07510191700061576, 0.08207352904163552, 0.08857510262778052, 0.09457922109001896, 0.10031809264572591, 0.10570736604995788]

