===== Tracker Values =====

[Train Loss Tracker]
[0.5260715879980595, 0.1395523879797228, 0.1229956885499339, 0.1126636064821674, 0.1063732363043293, 0.09652698124128004, 0.09305149737385011, 0.08874356728647986, 0.09316763474095252, 0.09381959731540372, 0.08586541479153018, 0.08243156314617203, 0.08613959651800894, 0.08350435956831902, 0.08324223900994947, 0.08503447449015032, 0.08376615638694455, 0.08479941828596976]

[Val Loss Tracker]
[0.13094249232248825, 0.12109457430514423, 0.13291211968118494, 0.12192378396337683, 0.11087387800216675, 0.11071099950508638, 0.10434262319044633, 0.10096636482260445, 0.09663545814427463, 0.09230932864275845, 0.0915606204758991, 0.09489867091178894, 0.08952103487469933, 0.09450987049124458, 0.09519894353368065, 0.09188673442060297, 0.09290459142489867, 0.09510368718342348]

[Macro Recall]
[0.016103268696173737, 0.03157103891109634, 0.050401015382366146, 0.07103739681375287, 0.09111742937955526, 0.10884154934564924, 0.12552390889672962, 0.14080735641073755, 0.15513619629428863, 0.16898512405527094]

[Macro Precision]
[0.028989608775628006, 0.028195962864770614, 0.02893833965994258, 0.02972834546361131, 0.030038205745016904, 0.030086972927878843, 0.030106338005238514, 0.029995124307083763, 0.029733831258969622, 0.02943644988037516]

[Macro NDCG]
[0.032196343090898236, 0.03637116617536461, 0.043251794034459334, 0.0509846168668011, 0.05837920612749829, 0.06499213264070619, 0.07123549686542892, 0.07695750045551693, 0.08222025534773271, 0.08722319971778006]

[Micro Recall]
[0.009304744807697662, 0.01810001929273276, 0.02786486714376522, 0.038167423401235724, 0.04820655585621326, 0.057941783339649056, 0.0676422562584381, 0.07701986717042356, 0.08589254954944459, 0.09448166627600693]

[Micro Precision]
[0.028989608775631993, 0.028195962864754124, 0.02893833965994221, 0.029728345463606105, 0.030038205745012026, 0.03008697292785615, 0.030106338005268123, 0.0299951243070979, 0.029733831258984912, 0.029436449880337882]

[Micro NDCG]
[0.03323239729971192, 0.038152068516205506, 0.044356487044125134, 0.05071254901864245, 0.05651707084594162, 0.06190114456782315, 0.06713187791322121, 0.07204992110795332, 0.07657155355777517, 0.08086671754981403]

