===== Tracker Values =====

[Train Loss Tracker]
[0.7419783214819939, 0.21466877407604648, 0.17684491579571077, 0.1768798639457072, 0.1636715333668455, 0.16033172799694922, 0.1550772613094699, 0.13789372180466059, 0.13567310235192698, 0.14071214812793187, 0.12705340336317256, 0.1302916984404287, 0.12464802952543381, 0.12943945752997552, 0.12403550671954308, 0.12697195646262938, 0.12037275202812688, 0.12039888890520219, 0.1076073691759619, 0.11363464041102317, 0.10855651869168205, 0.11001406970524019]

[Val Loss Tracker]
[0.2089871032671495, 0.16896970773285086, 0.15739876506003467, 0.15423626520416953, 0.15485715188763358, 0.16881252215667206, 0.1508352201093327, 0.13704363934018396, 0.1422880230979486, 0.13360380516810852, 0.14512702822685242, 0.1410957778042013, 0.13854373585094104, 0.13547945428978314, 0.13686025887727737, 0.13838191669095645, 0.13137441602620212, 0.13627610287883066, 0.13684622740203684, 0.13297087292779575, 0.13338642025535757, 0.13700439442287793]

[Macro Recall]
[0.2650406170079369, 0.46501736766126706, 0.6522286938998917, 0.755970554946191, 0.8608820299633723, 0.8673185498300285, 0.871155448495209, 0.8757042299777062, 0.8802220731833468, 0.8830851361642632]

[Macro Precision]
[0.1350427350427341, 0.12226495726495686, 0.11660968660968615, 0.1062179487179486, 0.10133333333333427, 0.08509971509971462, 0.07338217338217397, 0.06451923076923075, 0.05765432098765508, 0.052145299145299646]

[Macro NDCG]
[0.2104601923374958, 0.2937710439120567, 0.3614213832024788, 0.3992890922249375, 0.436413553189398, 0.43827136592738664, 0.43946752831580815, 0.4406711154747902, 0.44184624674877687, 0.4427131985473532]

[Micro Recall]
[0.21502449646162222, 0.3893576483396843, 0.5570223189983668, 0.6765106151333696, 0.8067501360914534, 0.8130103429504627, 0.8179096352749048, 0.8218562874251497, 0.8262112139357648, 0.8302939575394666]

[Micro Precision]
[0.13504273504273503, 0.12226495726495726, 0.11660968660968661, 0.10621794871794872, 0.10133333333333333, 0.0850997150997151, 0.07338217338217339, 0.06451923076923077, 0.05765432098765432, 0.05214529914529915]

[Micro NDCG]
[0.20409287961756517, 0.2848348489917644, 0.3524972494731733, 0.39655452043407863, 0.4420709760850122, 0.4441640947979084, 0.4457364291494761, 0.4469661931466509, 0.44828322721371344, 0.44949014692298545]

