===== Tracker Values =====

[Train Loss Tracker]
[1.248532606709388, 0.9714699406777659, 0.8063609657749053, 0.7301544720126737, 0.6539091813948846, 0.5728082464587304, 0.49803578372924556, 0.4543768494359909, 0.40293277367468805, 0.3757579509289034, 0.34036538004875183, 0.32426042422171564, 0.3080787274145311, 0.2922221614468482, 0.2686238101413173, 0.26714946521866706, 0.2502820232222157, 0.24433307782296212, 0.23815560533154395, 0.22262561753872903, 0.22264445164511282, 0.21712997459596203, 0.212161771232082, 0.20771920921341067]

[Val Loss Tracker]
[0.8550326336513866, 0.7666638060049578, 0.7275794040073048, 0.6782919493588534, 0.629618601365523, 0.5859776735305786, 0.550180974331769, 0.5147403451529416, 0.5051746314222162, 0.4986954764886336, 0.4765683249993758, 0.4757861278273843, 0.47387960824099457, 0.462625728412108, 0.4598419286987998, 0.456361632455479, 0.4458258964798667, 0.4468594112179496, 0.42433785037560895, 0.43009049784053455, 0.4416256763718345, 0.4430019530383023, 0.4263970987363295, 0.4443050433288921]

[Macro Recall]
[0.01818955062785908, 0.031971961373076056, 0.04701208485811765, 0.06272929248648942, 0.07852673369542953, 0.09683588476535368, 0.11059114065257594, 0.1273136850117827, 0.14060976201929298, 0.15417019123061199]

[Macro Precision]
[0.027704918032786855, 0.025655737704918084, 0.024972677595628365, 0.025368852459016458, 0.02527868852459005, 0.025901639344262387, 0.025690866510538573, 0.026127049180327842, 0.026083788706739455, 0.02601639344262283]

[Macro NDCG]
[0.029976517605584223, 0.03423237680942692, 0.039461504964054234, 0.04551372798621443, 0.05124161546524056, 0.05807714970508239, 0.06320328782612865, 0.06929310541092937, 0.07418410451024968, 0.07905993110558172]

[Micro Recall]
[0.008277415878924426, 0.015330361953274233, 0.02238330802762404, 0.03031787236126757, 0.037762648773081255, 0.046431894989469556, 0.05372973502473429, 0.06244796003330558, 0.07013763040603418, 0.07772934319439682]

[Micro Precision]
[0.027704918032786886, 0.02565573770491803, 0.024972677595628417, 0.025368852459016395, 0.025278688524590164, 0.025901639344262296, 0.025690866510538642, 0.02612704918032787, 0.026083788706739528, 0.02601639344262295]

[Micro NDCG]
[0.030057772155435772, 0.03387346865030697, 0.03797059409618314, 0.04294723022752334, 0.04723274343047636, 0.05235916035139411, 0.05626310100568542, 0.06102032877363526, 0.06500149462188404, 0.06892351567145118]

