===== Tracker Values =====

[Train Loss Tracker]
[1.0890266203111219, 0.6757979450687286, 0.586978668166745, 0.514806947400493, 0.5070628293098942, 0.4498633175126968, 0.4210176458281855, 0.40729841397654626, 0.38284076606073686, 0.362327044048617, 0.3384721134939501, 0.3236591349686346, 0.3118684330294209, 0.29390894982122606, 0.278860580536627, 0.26441321161485487, 0.24815968784593767, 0.23726413663356535, 0.22881740860400662, 0.22381718793222982, 0.2229057574464429, 0.21157246203191818, 0.21919189297383831, 0.19843590644098097, 0.18834517992311908, 0.18194100140563904, 0.17732223495841026, 0.17236118258968477, 0.16802169166264996, 0.16759707658521592, 0.1602191420332078, 0.1646288393005248, 0.15555500984191895, 0.15686205365965444, 0.14954364468013087, 0.14546463013656677, 0.14578586720651196, 0.14089089439761254, 0.15130149404848775, 0.13924393971120158, 0.1344252376546783, 0.1313076105134021, 0.13222910415741704, 0.1295131966471672, 0.13430345731396828, 0.12833978596233553, 0.126487371902312, 0.11971564617969337, 0.12522861313435338, 0.11912379606116202, 0.11537999671793753, 0.11758710636246589, 0.11270755877898585, 0.10967713930914479, 0.11090038788895454, 0.10923533934739328, 0.12272070540535834, 0.10474351616275887, 0.10458861940330075, 0.10231439192448893, 0.10225810927729453, 0.10019241381556757, 0.09829572185633643, 0.10159469059398098, 0.09594379377461248, 0.0962437821492072, 0.09595923342051045, 0.0926921589960975, 0.0913453921675682, 0.09033995458195286, 0.08904035209167388, 0.08756734890442702, 0.0873857939675931, 0.08607095119453245, 0.08415740011860767, 0.08448527705284857, 0.08723348307032738, 0.08310482891336564]

[Val Loss Tracker]
[0.7705178260803223, 0.676994117823514, 0.6367150924422524, 0.6136241338469766, 0.5952855456959117, 0.5821174654093656, 0.5682682340795343, 0.5544097694483671, 0.5423529039729725, 0.5318832830949263, 0.5237982083450664, 0.5158522101965818, 0.5092432363466783, 0.5034325827251781, 0.5003266849301078, 0.49756304784254596, 0.49519493363120337, 0.49341561848467047, 0.49083851413293317, 0.4904991686344147, 0.4884017434987155, 0.4909377802502025, 0.4918394955721768, 0.4908177879723636, 0.4867853657765822, 0.4846057187427174, 0.48224816810001025, 0.4796109985221516, 0.47777440602129156, 0.475703393871134, 0.4759678569707004, 0.47551076249642804, 0.4721901904452931, 0.4710815955292095, 0.4703639962456443, 0.46749142625115137, 0.46660418943925336, 0.4635076712478291, 0.4617544277147813, 0.4653100154616616, 0.462067574262619, 0.4602052217180079, 0.45845199715007434, 0.4578630436550487, 0.45642048391428863, 0.45615584471008996, 0.4566632427952506, 0.45528146624565125, 0.4536166028542952, 0.45196620442650537, 0.4491810473528775, 0.4499830820343711, 0.44671772014011035, 0.44692410935055127, 0.4449564977125688, 0.44525823809883813, 0.44391143863851373, 0.44067244096235797, 0.43986195867711847, 0.43944854086095636, 0.43607912822203204, 0.4355587227778001, 0.4359526309100064, 0.4338708980516954, 0.43377708846872504, 0.4315899908542633, 0.4302842237732627, 0.4311840371652083, 0.42988240176981146, 0.4272426719015295, 0.42882856184786017, 0.4268729768016122, 0.42360569401220843, 0.4256467548283664, 0.4249729189005765, 0.42524714090607385, 0.42387889190153644, 0.42515501379966736]

[Macro Recall]
[0.029241993611310333, 0.038658297079282145, 0.04458022173156182, 0.048716970052364195, 0.05215042780937716, 0.055022318040656756, 0.05759118644125484, 0.059770590018258886, 0.06180566533710161, 0.06363776045994865]

[Macro Precision]
[0.031789964097445805, 0.023502359481748617, 0.0190683749394587, 0.016178960387124495, 0.014160492789467138, 0.012646942279748719, 0.0114630845313743, 0.010499393619195154, 0.009712766283890874, 0.009037355459225042]

[Macro NDCG]
[0.04368073093488984, 0.04333574919574058, 0.043989895885355366, 0.04472077085590817, 0.045490451295913885, 0.046197231751321365, 0.04686308820647034, 0.04744664777374243, 0.04800309838995879, 0.04849958079331424]

[Micro Recall]
[0.02033506971914177, 0.030067484012295517, 0.036592372294225996, 0.04139674853948498, 0.04529017510818487, 0.04853917774886362, 0.05132809703687887, 0.053729133030912375, 0.05591664119182327, 0.0578092044321619]

[Micro Precision]
[0.0317899640974532, 0.023502359481754543, 0.019068374939461983, 0.016178960387123114, 0.014160492789471789, 0.012646942279751685, 0.011463084531371416, 0.010499393619192852, 0.009712766283892952, 0.009037355459228395]

[Micro NDCG]
[0.047895025988860494, 0.04944356378720378, 0.050823573252953703, 0.051961904718858115, 0.05298564042105764, 0.05388301594991775, 0.05467629663672749, 0.05537069674085759, 0.05602716007495095, 0.056586738637601684]

