===== Tracker Values =====

[Train Loss Tracker]
[0.7923837073387638, 0.43398065865039825, 0.23770261195398146, 0.2009820291592229, 0.1826056270830093, 0.16165529119391595, 0.1481441605475641, 0.15465199370538035, 0.12882756886463012, 0.12161076886038627, 0.12156491750671018, 0.11357901445139319, 0.1136763247270738, 0.10829317040981785, 0.10962798302212069, 0.10388487397182372, 0.10014506339305831, 0.09713614723014255, 0.09709130347736421, 0.09362208662975219, 0.09116169437766075, 0.08924953354101989, 0.08779131299665859, 0.08970620915774376, 0.08564699122742299, 0.08806944277978712, 0.08429016832322363, 0.0818082375391837, 0.08134766145338936, 0.08106220729889409, 0.0806985235502643, 0.0928941304164548, 0.08071209313235275, 0.07854459102776262, 0.07688832801255968, 0.0758001693193951, 0.07647515100336844, 0.07510835911718107, 0.07451696621794854, 0.07270111444015656, 0.07499771479577307, 0.07417982197817295, 0.07201909838664916, 0.07135914806877414, 0.07540632231581595, 0.07303413916980067, 0.07284129843596489, 0.08004961258942081, 0.07405934338608096, 0.07560857793977184, 0.07280358239527672, 0.06818424793140541, 0.06692306463035845, 0.06680602367006001, 0.06890783627187053, 0.06670719078711924, 0.06752276709002833, 0.06617325550365832, 0.0647194461236077, 0.06378592154191386, 0.06441794311808001, 0.06873704156567974, 0.06424271657822593, 0.06481426269296676, 0.0626843019478744, 0.06263814175561551, 0.06689365580677986, 0.07004153464109666, 0.06614338438357076, 0.06319291066498525, 0.06160690712051526, 0.06966355358881335, 0.07078217835195603, 0.07329783083931092, 0.06770870570213564, 0.06874485482131282, 0.06352670313490014, 0.06314302836695025, 0.06125277243254165, 0.06430949390895906, 0.06618989174885134, 0.07219027848012986, 0.06253348960871657, 0.061096236770672184, 0.06674962791223679, 0.06310157958538301, 0.06620410781714224, 0.06083937019350067, 0.059869809226403316, 0.06406201061702543, 0.061329257081172636, 0.06135944277048111, 0.0595773100522497, 0.059049002676000516, 0.0584860393747447, 0.058127129059885776, 0.05802951868803751, 0.057799928821623325, 0.06401069438265215, 0.05924563816065089, 0.05764635622261032, 0.057248738654438525, 0.05714901556230841, 0.05715695107656141, 0.05871924601735607, 0.05768287878844046, 0.05773624651614697, 0.059995287248203834, 0.06563506419620206, 0.05955896610694547, 0.1019992511118612, 0.065553349713164, 0.059053937574067426, 0.058190498020379774, 0.05762539918143903, 0.056862287809171026, 0.05609664569548782]

[Val Loss Tracker]
[0.31185905770822003, 0.3141462233933536, 0.23898977583104913, 0.22842840173027731, 0.21426138552752408, 0.2019307559186762, 0.18991129913113333, 0.17989547686143356, 0.1763321269642223, 0.1725202582099221, 0.16668058254502036, 0.15648942373015665, 0.15277954800562424, 0.15567039224234494, 0.15302455154332248, 0.147715071385557, 0.13866759023883127, 0.13626636158336292, 0.13090112669901413, 0.133365736766295, 0.12515385516665198, 0.11966251175511967, 0.11587864431467923, 0.11294065144929019, 0.11264617131514983, 0.11197340352968736, 0.11427209932695735, 0.11130235479636626, 0.10628090663389726, 0.10586998069828207, 0.10439278117635033, 0.10203661837361076, 0.10862743786790154, 0.10250490632924167, 0.0987618626518683, 0.09812216528437355, 0.09782407432794571, 0.0970208312977444, 0.09797059812329033, 0.0948723554611206, 0.0969189777970314, 0.0951191396875815, 0.0923967334357175, 0.09380565854636105, 0.0910471345890652, 0.09018315713513982, 0.09153796867890791, 0.09380302375013178, 0.09187669577923688, 0.08806943419304761, 0.0888522199609063, 0.09055353023789146, 0.08789013055237857, 0.08674306490204552, 0.08760934255339882, 0.08672623336315155, 0.08611739020455968, 0.08542865243825046, 0.0846307176080617, 0.08425127173011954, 0.08405611325394023, 0.0826041495258158, 0.08333397521214052, 0.08170310340144417, 0.08224069259383461, 0.08162590387192639, 0.08100202205506238, 0.08139832046898929, 0.08265447548844597, 0.08160533010959625, 0.08045635711063039, 0.07954057509248907, 0.0853315375067971, 0.08210462602702054, 0.08179026774384758, 0.08123960142785852, 0.08108991181308572, 0.08137267827987671, 0.07911605658856305, 0.07901159402999011, 0.07902540605176579, 0.07960250905968926, 0.07931243154135617, 0.0790355462919582, 0.07809649001468312, 0.08032909983938391, 0.07786990973082455, 0.07836101813749834, 0.0783777961676771, 0.0771696621721441, 0.07903134822845459, 0.07830700278282166, 0.07840881293470209, 0.077347454699603, 0.07668185301802376, 0.07690092582594264, 0.07635039836168289, 0.07641241293061864, 0.07714171775362709, 0.07585644654252312, 0.07592338120395487, 0.07536804879253561, 0.0758704434741627, 0.07649450613693758, 0.07511908290061084, 0.0751567692919211, 0.07496089962395755, 0.07541686160997911, 0.07888403060761365, 0.07626508244059303, 0.07503714683380994, 0.07539290257475594, 0.07605970312248576, 0.07502295889637688, 0.07562652162530205, 0.07536165687170895, 0.07522923160683025]

[Macro Recall]
[0.03126582804958687, 0.05594424100744446, 0.07631284240345824, 0.09390369004768437, 0.10995674966059145, 0.1253716256922902, 0.13885748922759766, 0.15305140640262505, 0.16741960038316603, 0.1807607983176393]

[Macro Precision]
[0.04174700537096819, 0.03910705606588197, 0.03746193268162577, 0.03576620668015505, 0.03469733790245958, 0.03408463095467466, 0.033128608430191615, 0.032477882503476094, 0.03207771851066607, 0.03157061910537341]

[Macro NDCG]
[0.04632496443567946, 0.05441853517683723, 0.06208869085583417, 0.06878885334103874, 0.07506965930733678, 0.08121372769471173, 0.08643544925846085, 0.0918097646839792, 0.09723657098940988, 0.10217404846839753]

[Micro Recall]
[0.01339946442426003, 0.025104248883756446, 0.03607227606656526, 0.04591927107039912, 0.05568372398319696, 0.06564051181625577, 0.0744326267954139, 0.08339496015369416, 0.09266337064380659, 0.10133167248641067]

[Micro Precision]
[0.04174700537095256, 0.03910705606585416, 0.037461932681600335, 0.0357662066801607, 0.034697337902436926, 0.03408463095465144, 0.03312860843022464, 0.03247788250349143, 0.03207771851068004, 0.031570619105333424]

[Micro NDCG]
[0.04599656664751044, 0.052128838816366395, 0.058013615259832105, 0.06300938229908193, 0.06802756344284805, 0.07319386362539664, 0.07749647992065939, 0.08192946829154248, 0.08654937888670702, 0.09076523791858869]

