===== Tracker Values =====

[Train Loss Tracker]
[1.0648589249580138, 0.7061719548317694, 0.5703656077384949, 0.49324051122511586, 0.436000770138156, 0.400754141230737, 0.3815912421672575, 0.349871426820755, 0.33131503962701364, 0.3107943977079084, 0.30252048277085825, 0.2801608822999462, 0.27018590079199883, 0.2574188079564802, 0.25403852280109157, 0.24220706522464752, 0.23536534535308037, 0.2361010144795141, 0.22972900011847097, 0.21893265915493812, 0.2244290699881892, 0.21013942601219301, 0.2014200552817314, 0.19489974192073267, 0.1980655111612812, 0.19155733912221848, 0.18505641385432212, 0.18214869162728708, 0.18591840949750715, 0.18681757152080536, 0.17298369398040156, 0.16598751732418615, 0.1648138922549063, 0.16459073270520858, 0.1562985119319731, 0.15192553413010412, 0.14971890829263196, 0.14656639315428271, 0.143964177658481, 0.14346615441383853, 0.14304323638639144, 0.13742239923486788, 0.13485191471784586, 0.1437563766394892, 0.1333454739182226, 0.12987844201345597, 0.1270236589555298, 0.1310634632264414, 0.13064136235944687, 0.12739627543957002, 0.12562038803533201, 0.12376536765406208, 0.123526735171195, 0.1179733972305492, 0.11702387383387934, 0.11902481581895583, 0.11427070849364804, 0.11565569283500794, 0.11058398336172104, 0.13333065206966094, 0.11124250992772079, 0.10973040984883424, 0.10773699383641924, 0.10870190517556283, 0.10504232286926239, 0.10397130947920584, 0.10213433800926132, 0.10153450023743414, 0.09895383010077621, 0.10365582113304446, 0.11964669991885463, 0.1029829211052387, 0.09957507517068617, 0.10009374661791709, 0.09636605302653005, 0.09413131747034288, 0.09341099137260069, 0.09141726218043797, 0.09037017050169167, 0.08870277278906395, 0.08883064985275269, 0.08711608838770658, 0.0861171503220835, 0.08501471379291146, 0.08427304888684903, 0.08361053298557958, 0.08257446633351426, 0.09041106676863085, 0.10114334836121529, 0.08904020476245111, 0.09215792412719419, 0.08759774916595028, 0.1114787356026711, 0.08901135558112254, 0.08919629310407946, 0.08383636259203477, 0.0833835683522686]

[Val Loss Tracker]
[0.6660028100013733, 0.6717869260094382, 0.6269264654679731, 0.607211175290021, 0.5921899080276489, 0.581734836101532, 0.5755048529668287, 0.570894493298097, 0.5642412088134072, 0.5582244016907432, 0.5447498099370436, 0.5410567386583849, 0.5382536297494714, 0.5315705375237898, 0.531262993812561, 0.5252606733278795, 0.5214486582712694, 0.5206409367648038, 0.5195761648091403, 0.510955504395745, 0.513717835599726, 0.5060023665428162, 0.508679828860543, 0.50460761514577, 0.4968917098912326, 0.498827037486163, 0.4969076026569713, 0.49489366195418616, 0.49467106840827246, 0.493675868619572, 0.485118185931986, 0.48292735760862177, 0.48192200606519525, 0.4799555160782554, 0.4773295250805942, 0.4752726771614768, 0.4735636223446239, 0.4726469245823947, 0.46931951425292273, 0.46854382211511786, 0.46718694405122235, 0.4662070599469272, 0.4623667679049752, 0.46077676794745703, 0.4600247117606076, 0.45733358643271704, 0.45873183282938873, 0.4560459716753526, 0.4537299329584295, 0.4501240903680975, 0.45212370970032434, 0.4522275843403556, 0.4501839198849418, 0.45096414197574963, 0.4480116313154047, 0.4475554309108041, 0.4501565965739163, 0.4433170909231359, 0.4431222785602916, 0.44290390610694885, 0.4391204091635617, 0.43781496448950336, 0.43768367713147943, 0.4362244822762229, 0.4349794875491749, 0.4351761043071747, 0.43396276235580444, 0.4317982955412431, 0.4302212595939636, 0.42807462269609625, 0.42957275293090125, 0.43640226125717163, 0.4296538152477958, 0.42831528186798096, 0.4235863577235829, 0.4218828082084656, 0.4228925542397933, 0.42329140684821387, 0.42234887047247455, 0.4188199747692455, 0.4172752093185078, 0.41539151018316095, 0.4172204082662409, 0.4139650436964902, 0.41513454101302405, 0.41412421790036286, 0.4136690822514621, 0.41404933550141076, 0.41713190891525964, 0.42048693786967883, 0.4150698564269326, 0.4123614186590368, 0.41550858183340594, 0.42775668881156226, 0.4199409809979526, 0.42045296322215686, 0.4154586466875943]

[Macro Recall]
[0.01005344164598459, 0.015001092692000324, 0.0186368450870598, 0.021890850738792912, 0.024420645421581087, 0.026934304140829157, 0.02921688618915287, 0.03138520714738243, 0.033504584881427685, 0.03556992956132652]

[Macro Precision]
[0.014202519182046557, 0.010871627381994077, 0.009216588017275101, 0.008193045232403717, 0.007418498817255681, 0.006874717322477895, 0.0064391294876054205, 0.0060719131614635595, 0.00577522684245883, 0.005520586928589334]

[Macro NDCG]
[0.01863154402866205, 0.0180399934058593, 0.01839778403662314, 0.019057786994585976, 0.0196561695310514, 0.020342230122953057, 0.020999996660867853, 0.021627776515661327, 0.02225048304268158, 0.022859361606847744]

[Micro Recall]
[0.009084918022209967, 0.01390849641073538, 0.017686710119836736, 0.020963363846819127, 0.0237269363057227, 0.026385281019526276, 0.0288324021573992, 0.031072140147994757, 0.03324812702294579, 0.03531350955268223]

[Micro Precision]
[0.014202519182046324, 0.010871627381995893, 0.00921658801727485, 0.008193045232405952, 0.0074184988172572375, 0.006874717322478517, 0.0064391294876039295, 0.0060719131614654, 0.005775226842457063, 0.005520586928591155]

[Micro NDCG]
[0.02201767179017032, 0.023047206116675326, 0.024239404425817665, 0.025425417249939047, 0.026438815790524962, 0.027466087638042667, 0.02841452586826968, 0.02927939864034538, 0.03012628209842318, 0.030925550471045296]

