===== Tracker Values =====

[Train Loss Tracker]
[1.11827277944934, 0.7630043106694375, 0.5871093035224946, 0.5094932687859381, 0.4672799043117031, 0.42168698003215177, 0.403599307421715, 0.37012201355349633, 0.34981984284616285, 0.32982136645624716, 0.31397720306150373, 0.3026604738927657, 0.28715055123452216, 0.2718200327888612, 0.2637587002208156, 0.2640884965658188, 0.24367214402844828, 0.233196739588053, 0.23372423120083347, 0.2293170368479144, 0.2138482457207095, 0.21072783633585898, 0.2153660467555446, 0.2005866660225776, 0.19385746602089174, 0.2050614640597374, 0.18945697046095325, 0.18925528084078141, 0.18032522643766097, 0.17299615753994835, 0.1726276965871934, 0.19591097197225016, 0.16785934110802989, 0.16507193013545005, 0.16179390443909553, 0.15769382013428596, 0.15691091913369395, 0.15217543958175567, 0.14938741249422874, 0.14550975048463913, 0.16490454058493337, 0.14527310130576934, 0.14613201949865587, 0.16580861806869507, 0.14006734807645121, 0.137560167079491, 0.1349896310317901, 0.132948532219856, 0.12921046510699294, 0.12795538214906568, 0.130315002414488, 0.1241774997643886, 0.12460389997689955, 0.12218047245856255, 0.1344971192940589, 0.12113009729693013, 0.11870988440369407, 0.11976399921601819, 0.11725147212705304, 0.11393597405103426, 0.11444789748038015, 0.11046897133271541, 0.11077092179367619, 0.10863839101887518, 0.10650610893724426, 0.10452225206104378, 0.10958992137062934, 0.10276979039753636, 0.10149820785849326, 0.09946835480513982, 0.1006889725404401, 0.10185651096605486, 0.09799750269420686, 0.0965206295011505, 0.09464008475263272, 0.09593068351668696, 0.09692227071331393, 0.0937368334421227]

[Val Loss Tracker]
[0.6877947341312062, 0.7181006995114413, 0.6666513789783824, 0.6274265999143774, 0.6063892272385684, 0.5897118720141324, 0.5742867236787622, 0.5669052546674554, 0.5586251508105885, 0.550470078533346, 0.5413999042727731, 0.536631619388407, 0.5369852185249329, 0.5303807990117506, 0.5251410684802316, 0.5229351818561554, 0.5228830928152258, 0.515682727098465, 0.5107702098109506, 0.5085238516330719, 0.5043749673800035, 0.5022178996693004, 0.4988348456946286, 0.4970804452896118, 0.49797806956551294, 0.493842986497012, 0.4857378981330178, 0.48540792952884326, 0.48498245260932227, 0.4840888055888089, 0.4798685203899037, 0.48160331086678937, 0.4856773994185708, 0.48037378083575855, 0.47649446671659296, 0.47557201981544495, 0.47194115953011945, 0.46882982416586444, 0.4688156084580855, 0.464706997979771, 0.46168430285020307, 0.45387503504753113, 0.45723343979228626, 0.45443129539489746, 0.44677479700608685, 0.4456613036719235, 0.4475177065892653, 0.44494890895756806, 0.4421367618170651, 0.44479580359025434, 0.4407340342348272, 0.4423380358652635, 0.4383596723729914, 0.4367865865880793, 0.43706592646512116, 0.4410709169777957, 0.43827642094005237, 0.43613415685566986, 0.43363572521643207, 0.4315853037617423, 0.43059490756555036, 0.426623978398063, 0.4259215078570626, 0.4214414791627364, 0.4205744754184376, 0.4199733246456493, 0.42036786675453186, 0.4181120720776645, 0.41794640638611535, 0.41693744605237787, 0.41396692395210266, 0.4127871502529491, 0.4102479842576114, 0.4117419800975106, 0.41238773140040313, 0.41087842800400476, 0.412806435064836, 0.41115693070671777]

[Macro Recall]
[0.00953695971489666, 0.014454845205512048, 0.017948183385681427, 0.020800014267906664, 0.023292949878320653, 0.025506409413420424, 0.027529410636549543, 0.02943825991654226, 0.03130408896335924, 0.03309909843923263]

[Macro Precision]
[0.013189082743964142, 0.010229824329677596, 0.008637024051104555, 0.007622086670427117, 0.006905296526217259, 0.006340181634065917, 0.005908739259684883, 0.0055437314633573305, 0.0052583689223513995, 0.005016630443917277]

[Macro NDCG]
[0.01740286246023189, 0.017075244237002005, 0.017465526309559276, 0.018036272068100552, 0.01864454679592693, 0.01921800116067088, 0.01978635642583869, 0.020329581975340596, 0.020877162182269624, 0.021409566374529624]

[Micro Recall]
[0.008436653665535532, 0.013087412764663141, 0.016574521981845527, 0.019502464787109677, 0.022085537099308876, 0.02433372403294166, 0.026457481078208025, 0.02836924646181308, 0.030272562902380912, 0.03208985374111517]

[Micro Precision]
[0.013189082743963208, 0.010229824329679038, 0.008637024051104093, 0.007622086670429029, 0.0069052965262184655, 0.006340181634066194, 0.005908739259683653, 0.00554373146335899, 0.005258368922349902, 0.005016630443918781]

[Micro NDCG]
[0.020462260123316516, 0.02157643831838619, 0.022656081213742723, 0.02367811362391655, 0.024628187775554106, 0.025457163138713008, 0.026259333969271343, 0.02697821127720366, 0.0277087607560744, 0.028404762128840574]

