===== Tracker Values =====

[Train Loss Tracker]
[0.7583090691797195, 0.3430318513945226, 0.28000139036486227, 0.2401797612828593, 0.2341514200933518, 0.20911633920285008, 0.20372622339956223, 0.18249885341332805, 0.17633830299300532, 0.16755446310966246, 0.16730577570776786, 0.16683381940087966, 0.15617113199926191, 0.15240975144890048, 0.14879186331264435, 0.1530320468929506, 0.14486588273317583, 0.14075649085064088, 0.1385945800331331, 0.13163157744753745, 0.1364091723676651, 0.1309029925915022, 0.1279551670435936, 0.1280253250752726, 0.13174745488551357, 0.127091949745532]

[Val Loss Tracker]
[0.5833791548555548, 0.6192119013179432, 0.5604416050694205, 0.5198262875730341, 0.5039450390772386, 0.49772326241840015, 0.4724760814146562, 0.43705123933878814, 0.45194369012659247, 0.4540689804337241, 0.43545708331194793, 0.44258844039656897, 0.4391981336203488, 0.4358649199659174, 0.4308386065743186, 0.42336253144524316, 0.4507393945347179, 0.42912091179327533, 0.41318627379157324, 0.4389827955852855, 0.406931841915304, 0.43485208262096753, 0.4204947352409363, 0.4242066063664176, 0.43139600482853974, 0.42283070900223474]

[Macro Recall]
[0.026213112569170447, 0.04880395921653006, 0.0765642074331079, 0.0999472231555325, 0.1269883474269313, 0.1458166458804953, 0.16853195598250123, 0.1877767292540765, 0.20301023793235917, 0.21987736764134488]

[Macro Precision]
[0.0357377049180328, 0.03385245901639352, 0.03426229508196725, 0.03368852459016396, 0.03481967213114734, 0.034508196721311585, 0.03444964871194387, 0.03415983606557373, 0.033606557377049276, 0.03352459016393439]

[Macro NDCG]
[0.03919020463737941, 0.04694183016969545, 0.057803822519501113, 0.06668459212558352, 0.07723456906504887, 0.08466308236065333, 0.09302526619530316, 0.10013695689848943, 0.10590904600495915, 0.11223968442204613]

[Micro Recall]
[0.010677376695890679, 0.02022824117157271, 0.03070970269873145, 0.04026056717441348, 0.052015477298329824, 0.06186021452710976, 0.0720478033011706, 0.0816476465690356, 0.0903658715776069, 0.10016163001420385]

[Micro Precision]
[0.035737704918032784, 0.033852459016393444, 0.034262295081967216, 0.033688524590163936, 0.03481967213114754, 0.034508196721311474, 0.034449648711943795, 0.03415983606557377, 0.03360655737704918, 0.03352459016393443]

[Micro NDCG]
[0.0394984025069379, 0.044928629357161985, 0.05171515276330749, 0.057248371587060115, 0.0645291706212576, 0.06995431464428689, 0.07548582354904852, 0.08039639397710631, 0.08470660020354759, 0.08975168703011135]

