===== Tracker Values =====

[Train Loss Tracker]
[1.0994414610247458, 0.6854099265990719, 0.571706768005125, 0.5085135832909615, 0.5188478317952925, 0.450798689357696, 0.4284921894150396, 0.400185352371585, 0.38044275103076813, 0.35993941945414387, 0.3355907639188151, 0.31887870690514963, 0.3092197746999802, 0.2943500703380954, 0.27516321501424235, 0.2889872424064144, 0.25275290444973975, 0.24775313561962498, 0.2370701446648567, 0.22781902840060572, 0.21968944418814876, 0.21619040639169754, 0.2059309184551239, 0.2009744288459901, 0.19450554684285196, 0.19249943667842495, 0.1824409997751636, 0.18350561347699934, 0.1727511217036555, 0.17093350281638484, 0.1711432006089918, 0.1646260994095956, 0.15778527559051592, 0.17418749966929037, 0.1596979292169694, 0.15347631419858626, 0.14855512231588364, 0.14535303858499374, 0.14242906255587454, 0.13974148864226957, 0.13943172678832086, 0.13400495555552264, 0.13391733193589794, 0.13970884632679723, 0.13405188773908921, 0.12665786840502294, 0.1246126409499876, 0.12758658778282903, 0.12047041111415432, 0.12021688059453041, 0.11877571671239791, 0.11704178791373007, 0.11461804206332853, 0.11472780065190408, 0.11131901137771145, 0.11244754493236542, 0.10968067088434773, 0.11517365156642852, 0.1072515765986135, 0.10973017638729464, 0.10277465080481864, 0.10283494872912284, 0.10222046077251434, 0.0993476148033815, 0.09815103116054688, 0.09634154563349101, 0.09527819982219127, 0.09367220745151562, 0.10491186404420484, 0.09233313077880491, 0.09266457947031144, 0.11326398916782872, 0.08893005265253445, 0.10139341051540067, 0.09103686674948662, 0.0938043478996523, 0.08811980005233519, 0.08536820444128206, 0.08359621022076856, 0.08737215832356483, 0.08192668984373731, 0.08165694448736406, 0.08101203833376208, 0.07976508146572497, 0.07885796204209328, 0.07760478568173224, 0.07633919196744118, 0.07605231306966274, 0.07451278856024146, 0.07800076901912689, 0.07651252756195684, 0.0774815589670212, 0.0842636902966807, 0.07646851818407735, 0.07120645442797292, 0.07032126617888289, 0.07042690510711362, 0.06968781796674575, 0.06777349336733741, 0.06952541778164525, 0.06643290973208364, 0.06627387493368118, 0.06511072927124557, 0.06536089610909263, 0.06402021270966338, 0.06490635174897409, 0.06281301580489643, 0.06341896891113251, 0.06181600870143983, 0.06258345731804447, 0.060214649960999525, 0.07039783390298966, 0.06031313316235619, 0.060233034794369054, 0.058752824845273166, 0.05803742370147619, 0.05734551881229685, 0.05724808856123878]

[Val Loss Tracker]
[0.7594523538242687, 0.6728786338459362, 0.6372716481035406, 0.6140525124289773, 0.5962768467989835, 0.58108159086921, 0.5683224634690718, 0.5552048249678179, 0.5447268811139193, 0.5364293510263617, 0.5274912037632682, 0.5204232009974393, 0.5158661766485735, 0.5110794089057229, 0.5067197003147819, 0.5044360675595023, 0.5047366619110107, 0.5007535923611034, 0.4985512820157138, 0.49541622400283813, 0.49512955275448883, 0.4937746145508506, 0.4922544035044583, 0.48944346742196515, 0.48715091293508356, 0.4853019551797347, 0.48456224528225983, 0.48084798184308136, 0.47850013321096246, 0.47666180675679987, 0.47521368210965936, 0.4737090793522922, 0.4716559513048692, 0.47056612372398376, 0.46885284781455994, 0.46631605516780505, 0.4653335213661194, 0.4651237807490609, 0.4655792767351324, 0.4655253426595168, 0.46281071684577246, 0.46268546310338104, 0.45939467440951953, 0.45932851325381885, 0.4594932740384882, 0.46000444889068604, 0.45830854773521423, 0.45800626277923584, 0.45823449167338287, 0.45738713307814166, 0.45438729362054303, 0.45339466495947406, 0.4539028324864127, 0.45351992682977155, 0.44965950467369775, 0.4510517039082267, 0.4490184621377425, 0.4471954269842668, 0.44379024613987317, 0.44469054449688306, 0.44305590336973016, 0.4439737011085857, 0.4429369026964361, 0.4422114816578952, 0.4411319142038172, 0.4410839622670954, 0.43922079693187366, 0.4389394304969094, 0.43682186982848425, 0.4368061748417941, 0.43506214022636414, 0.4359606910835613, 0.4367721974849701, 0.4352821409702301, 0.4312517019835385, 0.43357787890867755, 0.43058005517179315, 0.4295845248482444, 0.4311039258133281, 0.42789251425049524, 0.4261347841132771, 0.4265706864270297, 0.42501298405907373, 0.4241235229102048, 0.42329018766229803, 0.4206246164712039, 0.42165415666320105, 0.42102319544011896, 0.4188384928486564, 0.4176485999064012, 0.41506404226476495, 0.41379405422644183, 0.41220498897812585, 0.4145221710205078, 0.41274507479234174, 0.41363082148812036, 0.4129154953089627, 0.41123916615139355, 0.41089722785082733, 0.40886076472022315, 0.4076402864672921, 0.4071028503504666, 0.40614648298783734, 0.4054477404464375, 0.404101626439528, 0.4047819565642964, 0.4005171710794622, 0.4004262387752533, 0.39757243069735443, 0.3992660208181901, 0.3978558670390736, 0.3947788720781153, 0.39004775881767273, 0.39207537336782977, 0.393046035007997, 0.3909033103422685, 0.39056450399485504, 0.39143429832025006]

[Macro Recall]
[0.03697144750564014, 0.04838809853660542, 0.05543208247673141, 0.06080604147029471, 0.06520544491341823, 0.06912223492083945, 0.0723498052341459, 0.07517753374174801, 0.07750242196063334, 0.07970304589279024]

[Macro Precision]
[0.03928387027051913, 0.02867160576842167, 0.023168549849300026, 0.019616118922687036, 0.017202243008602795, 0.015432491604722941, 0.01401846073620377, 0.012869832254660549, 0.011900273371673164, 0.011094847564265856]

[Macro NDCG]
[0.05466762838769655, 0.05412479222336364, 0.054898288733232645, 0.05589375803755133, 0.056932400410747576, 0.05796829762171473, 0.05884442770211872, 0.059630213978862326, 0.06028232364922158, 0.06090505195995047]

[Micro Recall]
[0.025128692764171567, 0.03668070215325154, 0.04446064251907541, 0.050191330155506635, 0.055018748972685334, 0.05923016303387719, 0.0627702701664749, 0.065859510975177, 0.06851017483167401, 0.0709703534269681]

[Micro Precision]
[0.039283870270529896, 0.028671605768422568, 0.023168549849305362, 0.019616118922683445, 0.017202243008609407, 0.01543249160472777, 0.014018460736199476, 0.012869832254655924, 0.011900273371677414, 0.011094847564270361]

[Micro NDCG]
[0.0598978931363412, 0.06125149199272629, 0.0627320897653479, 0.06400469703571401, 0.06528336288513537, 0.06650514908167687, 0.06753655843448707, 0.06845713920151306, 0.06924238430393088, 0.06999138470497127]

