===== Tracker Values =====

[Train Loss Tracker]
[0.9264025784307911, 0.38344315992247674, 0.2783065197929259, 0.24247066436275358, 0.2193259068073765, 0.2408360064991059, 0.23059771185921085, 0.21442600027207406, 0.19959989310272278, 0.19060766624827538, 0.19885854951796994, 0.19550036230394918, 0.1877891647238885, 0.1890410444428844, 0.18052374884005515, 0.175486967207924, 0.17510536889876088, 0.16990464517185766, 0.16765048138556943, 0.16707455727361864, 0.16914095561350545, 0.16736427382115396, 0.1678275417897009, 0.16176064709021198, 0.16274849878203484, 0.16046280726309745, 0.16125056243711902, 0.16494438869337882, 0.16107752005900106, 0.1703273005062534, 0.16394818694360794, 0.15560573760059573, 0.15381997018571822, 0.15925141592179576, 0.15382386876210088, 0.15398343676520931, 0.15436713782048994, 0.1528029088531771, 0.15753063415327379, 0.15549476012106864, 0.152217295621672, 0.15077672778598725, 0.1517502958736112, 0.15871281152771366, 0.15124972549176985, 0.150222655265562, 0.15289172049491637, 0.16093507168754453, 0.15828365375918726, 0.16000699900811718, 0.14826714565917368, 0.1483808210299861, 0.1462479327474871]

[Val Loss Tracker]
[0.4411388229240071, 0.25828731060028076, 0.2323263937776739, 0.21943209388039328, 0.21762606772509488, 0.20348362218249927, 0.2223626673221588, 0.20808235488154672, 0.2011474845084277, 0.19395422800020737, 0.19677929309281436, 0.19491289826956662, 0.1893768229267814, 0.19300606846809387, 0.19153403829444537, 0.18881245770237662, 0.18874666501175275, 0.18856134875254196, 0.18737831711769104, 0.18485773557966406, 0.1842411688782952, 0.18218004838986832, 0.18361826782876794, 0.1819984127174724, 0.18225651031190698, 0.18273926119912753, 0.181028428402814, 0.1850919466127049, 0.1823158704421737, 0.1811866814439947, 0.1792273982004686, 0.17968808182261206, 0.1790958582000299, 0.1784391315145926, 0.17848490991375662, 0.1787860325791619, 0.1784053234891458, 0.17789386145093225, 0.1790992576967586, 0.17833794788880783, 0.17645033381202005, 0.17649569497867065, 0.17629939859563654, 0.1760302416302941, 0.17713293500921942, 0.17612134123390372, 0.17610893195325678, 0.1742630431597883, 0.1743540499698032, 0.1764271448959004, 0.1770875399762934, 0.1747935570099137, 0.17443808574568143]

[Macro Recall]
[0.005412854463385451, 0.013042653030003029, 0.023363393899846215, 0.03642806264692179, 0.05250927571139723, 0.06773306858639581, 0.08227401593396937, 0.09735737020894179, 0.11272305239618205, 0.12840278235205013]

[Macro Precision]
[0.016932705484583213, 0.019915876519283726, 0.02211174626486899, 0.023187801775049886, 0.024605851288761763, 0.025535670831876058, 0.02595612051904706, 0.026631186523231893, 0.02736827200698463, 0.027823120829722398]

[Macro NDCG]
[0.01881298601658047, 0.02162969987989503, 0.025611585837929995, 0.030100822486805023, 0.0359002077283041, 0.04144454945731579, 0.046622207575232055, 0.052092075173894956, 0.05769034197436598, 0.06320024986668712]

[Micro Recall]
[0.004577978070650542, 0.010769034640818936, 0.01793459815323836, 0.025076500180029278, 0.03326256625432392, 0.04142341264759501, 0.04912303320393194, 0.05760071266086275, 0.06659432792637608, 0.07522344089132932]

[Micro Precision]
[0.01693270548456918, 0.01991587651928159, 0.02211174626485484, 0.023187801775110036, 0.024605851288641088, 0.025535670831928075, 0.025956120519152293, 0.026631186523166508, 0.027368272007081088, 0.027823120829580043]

[Micro NDCG]
[0.020730367950972776, 0.02589314326040524, 0.031256077942608824, 0.035813725051526746, 0.040961341357336326, 0.04574851089630177, 0.04997020332042408, 0.05464238649877755, 0.059555126830500627, 0.06412957975892533]

