===== Tracker Values =====

[Train Loss Tracker]
[0.2837714081660153, 0.20110348972582048, 0.16542234992788685, 0.1604143847380915, 0.14589555938577942, 0.14282133886891027, 0.13718063468413969, 0.13562119652623728, 0.12761819278520922, 0.12961942197817816, 0.11790324501212567, 0.1267463651395613, 0.12337920694581923, 0.12890011648977956, 0.11805174932364494, 0.1154799410893071, 0.11184214752527975, 0.117091654048812, 0.10581332204803344]

[Val Loss Tracker]
[0.16302527690475638, 0.15279281545769086, 0.1497981920838356, 0.13966443186456506, 0.1523693095554005, 0.17266509478742426, 0.15574306046420877, 0.1477285223928365, 0.14524415203116156, 0.14447709240696646, 0.16188912974162536, 0.1529362310062755, 0.15729509903626007, 0.13474815542047675, 0.152171558954499, 0.15736227414824747, 0.13782800530845468, 0.144812288609418, 0.1447904665361751]

[Macro Recall]
[0.30213256852047937, 0.5148015957870083, 0.6631062918963323, 0.7824059058350747, 0.8648197706855826, 0.8721729138042063, 0.8781676836892767, 0.8824166236290729, 0.8871200750099851, 0.8906454463483277]

[Macro Precision]
[0.14307692307692188, 0.12854700854700832, 0.11786324786324735, 0.10985042735042723, 0.10182905982906082, 0.08561253561253511, 0.0739194139194145, 0.06510683760683757, 0.05821462488129234, 0.05264102564102614]

[Macro NDCG]
[0.2339735444473116, 0.3218039906810791, 0.3787386560578297, 0.42236345631839733, 0.45257023179340095, 0.45476065902936735, 0.456468225823821, 0.4577557738476796, 0.4590118691304416, 0.4599925693775739]

[Micro Recall]
[0.22781709308655415, 0.40936309199782256, 0.5630103429504627, 0.6996461622210125, 0.8106967882416984, 0.8179096352749048, 0.8238976592270005, 0.8293413173652695, 0.8342406096897115, 0.8381872618399564]

[Micro Precision]
[0.14307692307692307, 0.12854700854700854, 0.11786324786324787, 0.10985042735042735, 0.10182905982905983, 0.08561253561253561, 0.07391941391941392, 0.06510683760683761, 0.058214624881291546, 0.05264102564102564]

[Micro NDCG]
[0.219236770356409, 0.30288000144759825, 0.36467446276110693, 0.41523791353643996, 0.45399314252316986, 0.4564136521417894, 0.45833587072576915, 0.4600281349610602, 0.46151470365952624, 0.4626808446309654]

