===== Tracker Values =====

[Train Loss Tracker]
[0.8576937606257777, 0.36719158147611924, 0.282116771705689, 0.25479295945936636, 0.22794258017693797, 0.21727241864127497, 0.2135165285679602, 0.20155876009694992, 0.19774323125039378, 0.1917258712553209, 0.1856313794851303, 0.18040557470052473, 0.18168090283870697, 0.17305558919906616, 0.1770991394596715, 0.16865166138497092, 0.16706890204260427, 0.16658427542255771, 0.1673204865186445, 0.17346274035592232, 0.16538804577242944, 0.15953207592810353, 0.164680379052316, 0.16341901546524418, 0.15800493330724777, 0.1564219161387413, 0.15969291521656898, 0.15452057171252467, 0.16156053062408202, 0.15389222098935035, 0.1535559770080351, 0.15732554947176286, 0.16500591654931346, 0.15458921992009686, 0.1499643167781253, 0.15150460120170348, 0.15721557361464347, 0.15009839147810014, 0.14751487537737815, 0.15880178299642378, 0.15572175768113905, 0.1601912922436191, 0.1497267975562042, 0.1477348982326446, 0.15764414639242233, 0.14576414203451526, 0.14619126098771248, 0.14380406816640207, 0.14293003617034805, 0.14629817874200882, 0.14302210846254904, 0.14672686255747272, 0.14306128842215385, 0.14315881363807187, 0.1417470757639216, 0.1437040555381006, 0.14280386317160823, 0.14328486111856276, 0.14426172596793022, 0.13962903684906422, 0.13878933869061932, 0.14062822970651812, 0.1462212445274476, 0.13835684756838507, 0.1388420498659534, 0.1376606431459227, 0.1357524832410197, 0.13826995655413596, 0.1375804238261715, 0.1392971892510691, 0.14638939307581994, 0.13857694547022542, 0.13867305747924313, 0.13835317809735576, 0.13467808284105792, 0.13393116381860548, 0.13531129350585322, 0.13842104904113278, 0.1353112816089584]

[Val Loss Tracker]
[0.34088531678373163, 0.33570099012418225, 0.23842148347334427, 0.24950961768627167, 0.22426153583960098, 0.21082817288962277, 0.21476468714800748, 0.2059942917390303, 0.20624024759639392, 0.19698263704776764, 0.1938870684667067, 0.1899137036366896, 0.19093762338161469, 0.19065503505143253, 0.18814909322695297, 0.18556673418391834, 0.18693707883358002, 0.18671149557287042, 0.18339122154495932, 0.18709119341590189, 0.19261967593973334, 0.1840674105015668, 0.18634458699009634, 0.18324707516215064, 0.1798760023984042, 0.18171205507083374, 0.18345967409285632, 0.18037659539417786, 0.17959316413510928, 0.18086893721060318, 0.17945745384151285, 0.18251725015315143, 0.17908778583461588, 0.17945012924346057, 0.179413917389783, 0.17809290506623007, 0.17763519016179172, 0.17959997938437897, 0.17874909937381744, 0.17748235911130905, 0.1784964461218227, 0.17681902647018433, 0.17671595920215954, 0.17621228166601874, 0.17489963431249966, 0.17651278999718753, 0.17498085715553977, 0.17504271052100442, 0.17436924576759338, 0.17495209317315707, 0.17482672834938223, 0.1734277382493019, 0.177366127344695, 0.1732056120579893, 0.17300280996344305, 0.1731681078672409, 0.17363558100028473, 0.173374896699732, 0.17192838273265146, 0.1716026941483671, 0.1715244000608271, 0.1733805604956367, 0.17214653844183142, 0.17142142016779294, 0.17234450510957025, 0.17069697786461224, 0.1718891059810465, 0.17103020575913516, 0.16695461286739868, 0.16994288157333026, 0.16426456516439264, 0.1696875738826665, 0.16762517528100448, 0.1622652675617825, 0.16425374353473837, 0.16560939225283536, 0.162928353656422, 0.1636615734208714, 0.1643980084495111]

[Macro Recall]
[0.011640210186503911, 0.022044642193459692, 0.043494396879882984, 0.059808643280870835, 0.08023154084786922, 0.10093453721124597, 0.11672984139288672, 0.13092482059555582, 0.1435849060097527, 0.15573407872623024]

[Macro Precision]
[0.02499263572679339, 0.02433764232256212, 0.026975439615103416, 0.028183233791046314, 0.029485738924915652, 0.030169933273217646, 0.03028750244700429, 0.030190211706894714, 0.030041230443058037, 0.02990972895219964]

[Macro NDCG]
[0.027760020082572136, 0.030001679680212525, 0.037613280190647365, 0.04380648436557953, 0.05128706063031912, 0.05858705365435717, 0.0643402954918622, 0.06954331178670031, 0.07428181940245175, 0.07884597964364791]

[Micro Recall]
[0.006757085475154661, 0.013159998908109004, 0.02187948720597502, 0.03047882132560068, 0.039859273025669766, 0.04894101289741413, 0.05732035291163526, 0.0652985441780424, 0.07309835092718686, 0.08086485846362973]

[Micro Precision]
[0.024992635726757712, 0.024337642322585052, 0.026975439615093987, 0.028183233791127867, 0.029485738924773415, 0.03016993327328071, 0.030287502447134275, 0.030190211706846427, 0.030041230443170343, 0.029909728952053245]

[Micro NDCG]
[0.029515692145314423, 0.03292849371743308, 0.03920858884632957, 0.044569504866056375, 0.050245163395151615, 0.055358344948092914, 0.059758817655623866, 0.063801071098084, 0.06770002656487338, 0.07156713965440399]

