===== Tracker Values =====

[Train Loss Tracker]
[0.3250552582284135, 0.14617783646850335, 0.11281366454016778, 0.13477861112163914, 0.09055927425863282, 0.08340930202675442, 0.07759489942221873, 0.07345694108986325, 0.06951043855271212, 0.06718992207559847, 0.06555794618062434, 0.06510191864048641, 0.0687968163721023, 0.06771178587505053, 0.062469463134484905, 0.05941464262263429, 0.05700233251967978, 0.05556874127397614, 0.053832055520146124, 0.05301341959725945, 0.061584841820501515, 0.0538535033983569, 0.05851284835127092, 0.05522513461689795, 0.05294176497526707, 0.05053254412186722, 0.049176617893540574, 0.048498817621880484, 0.047624412480921995, 0.04701305502244542, 0.05494879017914495, 0.053914869504590186, 0.04811309787234472, 0.05112011634534405, 0.04789576282904994, 0.045943610430244475, 0.04470599522333472, 0.047011504130017374, 0.04729517462152627, 0.044699409916516275, 0.05039265980162928, 0.048628202849818815, 0.04449949683921953, 0.042860848105309775, 0.04226609183223768, 0.041803884567813046, 0.04160791769203159, 0.04179676387819552, 0.04235475101778584, 0.04091288245493366, 0.04262710242502151, 0.04238592900876557, 0.05070483648488598, 0.04441184953095451, 0.04207365286927069, 0.04307522588679867, 0.04197521775119727, 0.044963016865714904]

[Val Loss Tracker]
[0.6744463552128185, 0.11636253175410358, 0.10991078818386252, 0.10155571658502925, 0.10056154158982364, 0.0895951742475683, 0.08583475649356842, 0.0813981599428437, 0.07833006436174567, 0.07688378136266362, 0.07577944885600697, 0.07367375493049622, 0.07375165142796257, 0.07710655372251164, 0.07248236442154105, 0.07047786021774466, 0.06801362064751712, 0.0676903568885543, 0.06604460084980185, 0.06528858705000444, 0.06404067812995477, 0.06477609005841342, 0.0639470514248718, 0.06427125903693112, 0.0642147765240886, 0.06255897236141292, 0.06262550435282967, 0.06128749657760967, 0.06164580143310807, 0.060919812795790756, 0.06070463528687304, 0.06308762356638908, 0.06131600283763625, 0.06073173135519028, 0.06004176458174532, 0.05957617204297672, 0.059695348820903084, 0.059725303880193016, 0.05935321511192755, 0.058860318904573265, 0.06017106195742434, 0.06096486882729964, 0.059257679703560745, 0.05847179618748752, 0.05794316056099805, 0.057312574914910576, 0.057109099558808586, 0.05716761540282856, 0.056270012124018234, 0.05722607096487826, 0.056087002496827736, 0.05678589743646709, 0.05544054034081372, 0.058796639130874115, 0.05613618344068527, 0.05630768632346934, 0.05825568058274009, 0.05639133534648202]

[Macro Recall]
[0.027800905708601116, 0.05760057073224215, 0.08695765207441947, 0.11356356475744481, 0.14166680195871367, 0.16568924542010124, 0.18788456957187813, 0.2079420157974646, 0.22686386116929438, 0.2440212071958583]

[Macro Precision]
[0.03841738392160577, 0.04007511950833863, 0.04051080445347299, 0.040380119477536336, 0.04051851532847898, 0.0402516903427696, 0.039872137755097535, 0.039310850800705524, 0.03873921725047533, 0.03813259423780692]

[Macro NDCG]
[0.04122240246902521, 0.052903698249427, 0.06448852264902703, 0.07488619436777202, 0.0855687333881608, 0.09476327080472892, 0.10318557493956873, 0.11069995007240305, 0.11769896862826458, 0.12402499915443733]

[Micro Recall]
[0.012330761561372514, 0.02572568419593439, 0.03900804943362895, 0.05184294965149663, 0.06502579045406641, 0.07751709440781282, 0.08958383975934044, 0.10094028869590013, 0.11190653865665313, 0.12239353106969218]

[Micro Precision]
[0.03841738392159517, 0.04007511950830867, 0.04051080445344046, 0.0403801194775472, 0.04051851532844021, 0.04025169034274429, 0.03987213775513343, 0.039310850800721046, 0.038739217250485174, 0.03813259423776155]

[Micro NDCG]
[0.04129747258921365, 0.05093002972601646, 0.05950065634060318, 0.0671190213848271, 0.07471969114171154, 0.0815550383972472, 0.08794800045675465, 0.09376920952416065, 0.09928378263611147, 0.10445330174074906]

