===== Tracker Values =====

[Train Loss Tracker]
[1.366412555017779, 0.9437859250653174, 0.7507000046391641, 0.681458007904791, 0.6457789251881261, 0.5914125327141054, 0.5606378124606225, 0.5224906946382215, 0.4826317612201937, 0.44774887638707317, 0.42266189667486376, 0.38644106013159596, 0.3720829962722717, 0.3608552486665787, 0.34423721605731594, 0.3258734018571915, 0.31868097474498136, 0.3119646281965317, 0.3132333678583945, 0.30368413752125156, 0.29928709422388383, 0.28424514012952007, 0.27355885409539743, 0.26847755716693017, 0.264193732651972]

[Val Loss Tracker]
[1.0262943614612927, 0.6423615704883229, 0.6179130348292264, 0.6619008020921187, 0.5677707710049369, 0.5695613893595609, 0.5586841323158958, 0.5349271541292017, 0.5378742136738517, 0.5117467804388567, 0.5040747360749678, 0.49261635541915894, 0.4981941445307298, 0.5256376185200431, 0.47421279549598694, 0.5074773972684686, 0.4998826059428128, 0.4884767234325409, 0.48138292269273236, 0.4806841720234264, 0.4945884048938751, 0.502627735788172, 0.5067907761443745, 0.5182593573223461, 0.5099966444752433]

[Macro Recall]
[0.026844901601040666, 0.05006483473048619, 0.06822604018870274, 0.08730271128738475, 0.09968913783414979, 0.11521530380067649, 0.13124677642436378, 0.14504626092002956, 0.15490772173473588, 0.16811498547760986]

[Macro Precision]
[0.037213114754098386, 0.034098360655737785, 0.032786885245901676, 0.03229508196721316, 0.030885245901639203, 0.030710382513661295, 0.03044496487119439, 0.030081967213114697, 0.029326047358834227, 0.029393442622950714]

[Macro NDCG]
[0.04418127503115338, 0.05020041596951393, 0.0570284208588733, 0.06417930083331526, 0.06896167821945928, 0.0749521617006967, 0.08088101492225051, 0.08607676542239026, 0.0898478350371831, 0.0948597030892169]

[Micro Recall]
[0.011118185825537542, 0.020375177548121664, 0.02938727530979086, 0.038595288240192, 0.04613802223637165, 0.05505216241367488, 0.0636724298378802, 0.07190086692462164, 0.07885585541460548, 0.08781897438409168]

[Micro Precision]
[0.03721311475409836, 0.03409836065573771, 0.03278688524590164, 0.03229508196721311, 0.030885245901639345, 0.0307103825136612, 0.03044496487119438, 0.030081967213114753, 0.029326047358834244, 0.029393442622950818]

[Micro NDCG]
[0.044038519369128004, 0.048020549335850926, 0.05268864770019069, 0.05781322325747003, 0.06141917782764476, 0.06621143632294642, 0.0706826034179885, 0.07475146750436991, 0.07798350855327975, 0.08259564808148868]

