===== Tracker Values =====

[Train Loss Tracker]
[0.7634685303895704, 0.4003777455899023, 0.29248958008904613, 0.22118073076971115, 0.183515410750143, 0.17038392035230512, 0.15251051081765082, 0.13873182732852235, 0.16794304693898848, 0.13525422277950472, 0.1311297395056294, 0.1238002153413911, 0.11762322677719977, 0.11597722876937158, 0.10878091212362051, 0.1050638958451248, 0.10673686910060144, 0.0978224023335403, 0.09511669794277798, 0.09553173559928133, 0.09344202844846633, 0.09238684826320218, 0.08915144024837401, 0.08839361129268523, 0.08722809155381495, 0.1267611540613636, 0.08247945227870537, 0.08134489513993744, 0.08028808554574367, 0.07964391928286321, 0.10515317056448228, 0.1075018776520606, 0.09809598093852401, 0.09650137924378918, 0.09277369466520125, 0.08992796919999584, 0.08354659889253878, 0.0812195619988826, 0.07827157528710461, 0.08198944190817495, 0.08283335114679029]

[Val Loss Tracker]
[0.3112431520765478, 0.23810411447828467, 0.2243316579948772, 0.23278344083916058, 0.21248314461924814, 0.1963186033747413, 0.18408950756896625, 0.1719053550200029, 0.1686615307222713, 0.17109374024651267, 0.16452893072908575, 0.15987184779210525, 0.14835167066617447, 0.14376907592469995, 0.13724371655420822, 0.13236223432150754, 0.12335978380658409, 0.12151932987299832, 0.11972693692554127, 0.11820328642021526, 0.11244414882226424, 0.11154805462468755, 0.10983109406449577, 0.10850308632308786, 0.10723303122953935, 0.1063288003206253, 0.10403032397682016, 0.1018818352710117, 0.10043366253376007, 0.10045118765397505, 0.09306308898058804, 0.1204995181072842, 0.11413830518722534, 0.10801276632330635, 0.1037487184459513, 0.10089634223417802, 0.09922422807325017, 0.09640601548281583, 0.09448633613911542, 0.0944366455078125, 0.09407216716896404]

[Macro Recall]
[0.03126582804958687, 0.05607240892366319, 0.07631284240345824, 0.093606118000733, 0.10993277135028617, 0.12544815019229294, 0.1388358331119974, 0.15305140640262505, 0.16690304753014962, 0.18089582364510753]

[Macro Precision]
[0.04174700537096819, 0.039201186162288425, 0.03746193268162577, 0.03575682443198384, 0.034692416067353335, 0.034042487741577705, 0.0331250049437746, 0.032477882503476094, 0.0319805806261391, 0.031585876794202675]

[Macro NDCG]
[0.04631860447743659, 0.05448703892248446, 0.062081160788473914, 0.0686892949492686, 0.07504879781861991, 0.08119734276871286, 0.08641455545790956, 0.09179790229731444, 0.09702759488732338, 0.10220654897388927]

[Micro Recall]
[0.01339946442426003, 0.025164674433653635, 0.03607227606656526, 0.045907225454243146, 0.05567582521850452, 0.06555935200904092, 0.07442453056160414, 0.08339496015369416, 0.09238276702810756, 0.10138064482750382]

[Micro Precision]
[0.04174700537095256, 0.0392011861622606, 0.037461932681600335, 0.035756824431989465, 0.03469241606733071, 0.03404248774155444, 0.03312500494380759, 0.03247788250349143, 0.03198058062615313, 0.03158587679416271]

[Micro NDCG]
[0.04599632553830848, 0.0522128478523336, 0.05802335622839879, 0.06300716116043986, 0.06802860851066632, 0.07313876155816787, 0.07749686263221263, 0.08193703749319936, 0.0863789615308189, 0.09080097304374556]

