===== Tracker Values =====

[Train Loss Tracker]
[0.5920367163996543, 0.5303564196632754, 0.5073302695828099, 0.4826180060063639, 0.48162094719948306, 0.4535983339432747, 0.44544034811758226, 0.42814147856927687, 0.401812344789505, 0.391226424324897, 0.3817660020243737, 0.3634582402244691, 0.3580671241206507, 0.34784008899042684, 0.33533904052549796, 0.33652271955244, 0.31466714136918345, 0.3138422595877801, 0.30758375506247243, 0.2967441846286097, 0.2980465062202946, 0.2891578746418799, 0.28404917976548594, 0.29036347808376434, 0.27605239998909736, 0.2669854558283283, 0.2647340552460763, 0.2614376222895038, 0.2553278121256059, 0.2500104892157739, 0.24993581685327715, 0.2586349585363942, 0.24259714493828435, 0.24001259236566483, 0.24658561810370414, 0.23228240854317142, 0.23296621369738732, 0.22808615046162758, 0.22282442979274258, 0.226518708371347, 0.21724945565144863, 0.21503719597333862, 0.21203968281136645, 0.2178156760431105, 0.2098507271899331, 0.20643274078235752, 0.20412954015116538, 0.20524486803239392, 0.20839805852982304, 0.21427808900273615, 0.21530287784914817, 0.2050979606086208, 0.19988447692125075, 0.20842842805770137, 0.19497430312537378, 0.19216348681478732, 0.18824464010615502, 0.18868722742603672, 0.1946377259108328, 0.19080489297066966, 0.18505151918338192, 0.18373726620789496, 0.17998221991283278, 0.20436999970866787, 0.18394593882464594, 0.1871893343425566, 0.17976619174043018, 0.22393165192296427, 0.19803405354820913, 0.20035957617144431, 0.18838323436437115, 0.20348456646165541, 0.18951871510474913]

[Val Loss Tracker]
[0.6887457154013894, 0.618507672439922, 0.5945459441705183, 0.5761609185825695, 0.5570446144450795, 0.5442931137301705, 0.531956510110335, 0.5210534469647841, 0.5114922225475311, 0.502740437334234, 0.49383155595172534, 0.485058917240663, 0.4777149666439403, 0.4731685302474282, 0.4644929766654968, 0.4600896618582986, 0.4557706740769473, 0.45014613324945624, 0.446295364336534, 0.44217464327812195, 0.44046551260081207, 0.4350360225547444, 0.4330998794599013, 0.42940847169269214, 0.4252141849561171, 0.42395746978846466, 0.4227409931746396, 0.42191348292610864, 0.4179422774098136, 0.4128261289813302, 0.4111015038056807, 0.4096824716437947, 0.4053293656219136, 0.40771799195896496, 0.4028577912937511, 0.39895859360694885, 0.3987609337676655, 0.39607812328772113, 0.3937316970391707, 0.3930245421149514, 0.3889822688969699, 0.3877637711438266, 0.3857957991686734, 0.3830163235014135, 0.383732714436271, 0.3791321028362621, 0.3782985806465149, 0.37694642489606683, 0.3746390234340321, 0.3863766247575933, 0.37973715229467914, 0.3755343718962236, 0.37284860014915466, 0.37214870886369184, 0.3713653250174089, 0.3687158226966858, 0.36650690707293426, 0.36429995027455414, 0.3597306284037503, 0.3637837225740606, 0.3592733280225234, 0.3589672473343936, 0.35718748515302484, 0.35559571331197565, 0.3554916463114999, 0.35288260741667316, 0.3529448536309329, 0.35113502090627496, 0.3677395392547954, 0.3614120429212397, 0.3562921258536252, 0.35698958418586035, 0.356842731887644]

[Macro Recall]
[0.011117465449716733, 0.016460391976084534, 0.020396884449602328, 0.023339090789431863, 0.02564644733579192, 0.02769285360617967, 0.029634003402222962, 0.03140130756738557, 0.03306720231561467, 0.034568816827238405]

[Macro Precision]
[0.012844466324853237, 0.009633649932156303, 0.008094283209856388, 0.006990189839217452, 0.006192048606524138, 0.005592311971918308, 0.005148833467418463, 0.004797012523863598, 0.004498291593788679, 0.0042458664041007]

[Macro NDCG]
[0.017936406999123453, 0.017905791871942908, 0.018690213406845547, 0.019396845482659898, 0.020007069321217714, 0.020575417631240104, 0.02114180868059589, 0.021667031127668407, 0.02215028284548349, 0.022592614379264526]

[Micro Recall]
[0.008216213060836999, 0.012324703634120826, 0.01553299773107475, 0.017885644324076876, 0.019804322479257844, 0.02146338765747678, 0.023054861291397902, 0.02454801995179494, 0.02589677849482848, 0.027159511436028443]

[Micro Precision]
[0.012844466324852007, 0.009633649932157394, 0.00809428320985579, 0.006990189839219029, 0.0061920486065248975, 0.005592311971918364, 0.005148833467417538, 0.004797012523864987, 0.004498291593787565, 0.0042458664041017755]

[Micro NDCG]
[0.020554239891945218, 0.021143604088749567, 0.02204973711662702, 0.022718753370291247, 0.023295970910550173, 0.02381919964766325, 0.024360030053858294, 0.024884726117841222, 0.025359346535741237, 0.02580575894977617]

