===== Tracker Values =====

[Train Loss Tracker]
[1.0526033149611564, 0.6647636582774501, 0.546489474273497, 0.5071353441284548, 0.4553196209092294, 0.42904648377049354, 0.40035365618044333, 0.3932200199173343, 0.36597373216382917, 0.3408902931597925, 0.3426668816997159, 0.31429788181858676, 0.29292683735970526, 0.2944373901813261, 0.27039211363561694, 0.2524372082083456, 0.24942291215542825, 0.23571849157733302, 0.22636442222902853, 0.22106583849076303, 0.21836603697269194, 0.20591802895069122, 0.1969147265678452, 0.19385453866374108, 0.18964487794906862, 0.1813212142836663, 0.18294750490496237, 0.17495405481707665, 0.17314620075687284, 0.16415258809443442, 0.1609695854206239, 0.1646739081028969, 0.16012176246412338, 0.1584056894625387, 0.15253300195740116, 0.14516852844145992, 0.16012866987336066, 0.13845715465985478, 0.13734936978547804, 0.13319867428752682, 0.1312314809089707, 0.131581875105058, 0.12749501882541564, 0.1302609275425634, 0.12821782356308353, 0.12036178561468278, 0.121966780674073, 0.11883878563680957, 0.13245777208958903, 0.11536560327776017, 0.11498510957725587, 0.11096301350382066, 0.11097644990490328, 0.10693546678991087, 0.10827666761413697, 0.10493843425666133, 0.10215687829880946, 0.10229038927824266, 0.0989295057952404, 0.09777532412760681, 0.09789169026959327, 0.0954270540706573, 0.09511231270528608, 0.09420386112986072, 0.0916065666223726, 0.09119335730229655, 0.09118025317307442, 0.0893217594392838, 0.08740940822228309, 0.0852187633093807, 0.08615768051916553, 0.083554184785293, 0.08209975140409605, 0.08104063378226373, 0.09730549469109505, 0.08081744443024358, 0.07936750196160809, 0.08567489058740678, 0.07711601189728226, 0.07752217027929521, 0.07699468948187367, 0.0744951268838298, 0.07334148533822547, 0.0721159718238097, 0.07208092751041535, 0.07207239611494926, 0.07961612266878929, 0.07579666616455201, 0.0709335572056232, 0.06890996491476413, 0.06767640559513483, 0.06787296721050816, 0.06883154256689933, 0.0664430771383547, 0.0654431120041878, 0.09663532217664103, 0.06929565173002981, 0.06405176605368333, 0.06817118414948063, 0.06257947182823573, 0.06166952696718996, 0.06028381632941385, 0.05963754277458535, 0.05863186923576699, 0.05836506772245611, 0.05770809179352176, 0.05673718763395182, 0.05611123921229474, 0.056717750646414294, 0.05507009632645115, 0.06354390673579709, 0.05419425667834378, 0.06193288656011704, 0.05364237371231279, 0.057757088013233676, 0.06120619189835364, 0.05329189521651114, 0.0520163003595606, 0.051303436793762466, 0.05076442038520209]

[Val Loss Tracker]
[0.7579198533838446, 0.6680815274065192, 0.631972768089988, 0.6072593981569464, 0.5893420631235297, 0.5747771750796925, 0.5613838163289157, 0.5495023348114707, 0.5382577397606589, 0.5290304882959886, 0.5211657963015817, 0.5152762586420233, 0.5110065097158606, 0.5064314305782318, 0.5013096007433805, 0.5004645748571916, 0.4990504329854792, 0.4996154714714397, 0.4984303279356523, 0.4965119118040258, 0.49363631822846155, 0.49203018979592755, 0.4930319596420635, 0.4892326376654885, 0.48560044169425964, 0.486054696819999, 0.4838894984938882, 0.4814396554773504, 0.4777762700210918, 0.4764083976095373, 0.47660375996069476, 0.473336479880593, 0.473877950148149, 0.4722402475096963, 0.47009549899534747, 0.4683331007307226, 0.46756500005722046, 0.4649709002538161, 0.4641133194619959, 0.4637487097219987, 0.46152647787874396, 0.46142967451702466, 0.4611412936990911, 0.46034890142354096, 0.46031916683370416, 0.45635081421245227, 0.45396932146765967, 0.4517763690514998, 0.44963520765304565, 0.4503864212469621, 0.44913516532291065, 0.44645527276125824, 0.44746347990902985, 0.44358151067386975, 0.44435260512612085, 0.44092969460920856, 0.43965900486165826, 0.439203216270967, 0.4378842305053364, 0.4372465231201865, 0.4366134323857047, 0.43512958830053156, 0.4339265660806136, 0.4316178424791856, 0.4315905110402541, 0.4304228858514266, 0.4305250915614041, 0.42818776856769214, 0.4266909956932068, 0.4251046262004159, 0.42393717711622064, 0.42371075532653113, 0.4223544326695529, 0.4198191193017093, 0.4193653979084708, 0.42117348313331604, 0.4194995246150277, 0.4166701463135806, 0.41657581383531744, 0.4153977713801644, 0.4126853807405992, 0.41644348339600995, 0.4130130274729295, 0.409613547000018, 0.40888178890401666, 0.40850840373472735, 0.4057228456843983, 0.4030963317914443, 0.40406396172263404, 0.40314837477423926, 0.4022904471917586, 0.4017827565019781, 0.404670387506485, 0.4027328274466775, 0.3999143297022039, 0.39896519075740466, 0.4009751352396878, 0.402706043286757, 0.40201012925668195, 0.40362231026996265, 0.39801754734732886, 0.3979576555165378, 0.39403665878555993, 0.3934914523904974, 0.38954864848743787, 0.3885664560578086, 0.3880963244221427, 0.3875630497932434, 0.3883237161419608, 0.3834672949530862, 0.38531941175460815, 0.3861867975104939, 0.38309812545776367, 0.38118641484867444, 0.3806665675206618, 0.3915905004197901, 0.3916615464470603, 0.3912612877108834, 0.3873801746151664, 0.38753273812207306]

[Macro Recall]
[0.0415223324092692, 0.05394705281367004, 0.061429424590971234, 0.0667959810125267, 0.07105151663910929, 0.07458151683327535, 0.07766797632490056, 0.08044861234557367, 0.08292008382478178, 0.08533733297100463]

[Macro Precision]
[0.04325836625399508, 0.03143093862946176, 0.025282677521477205, 0.021380326845263947, 0.018640986539539387, 0.01658821740052208, 0.015009768992074983, 0.013744281408730285, 0.012690769803432592, 0.01182538634261825]

[Macro NDCG]
[0.060929582071954445, 0.060282797174902224, 0.06106901129734468, 0.062056341608704275, 0.0630137455439587, 0.06388673236765913, 0.06471189971193125, 0.06547784573532908, 0.06616365655776398, 0.06684088279502454]

[Micro Recall]
[0.027671056532645948, 0.04021082417135071, 0.04851767134840523, 0.05470536999457731, 0.0596203505850509, 0.06366585812842086, 0.0672090376039412, 0.07033437844198417, 0.07306108278581622, 0.07564338701228476]

[Micro Precision]
[0.043258366254007516, 0.0314309386294593, 0.02528267752148349, 0.021380326845258823, 0.018640986539546836, 0.01658821740052753, 0.015009768992069877, 0.01374428140872468, 0.012690769803436558, 0.011825386342623168]

[Micro NDCG]
[0.0662395752568629, 0.0675140090909658, 0.06894550197786399, 0.07027180740885618, 0.07144655218679062, 0.07246820623504281, 0.07342517294009661, 0.07430770234686879, 0.07508630696919986, 0.07585804792370401]

