===== Tracker Values =====

[Train Loss Tracker]
[1.0384460514591587, 0.6726008845913795, 0.5438257417371196, 0.4696564482104394, 0.4491312369223564, 0.40438534752015143, 0.3890112744223687, 0.3843640540876696, 0.33150465401910967, 0.31388798980943616, 0.29525388161381405, 0.29233961624483906, 0.271682059572589, 0.2615530115942801, 0.252652506193807, 0.2645324622431109, 0.2341520973300982, 0.23301420961656877, 0.22040859117142617, 0.21499508114591723, 0.20662298780535499, 0.20556918844099967, 0.20051732611271642, 0.20096195417065774, 0.19012359625870182, 0.2580855094617413, 0.18393607173235185, 0.1807008003515582, 0.17619725004319223, 0.17203582606969342, 0.16855749451825697, 0.16825033291693656, 0.1749451982398187, 0.16324693349099928, 0.16693474304291508, 0.1559599512707322, 0.15531973132202703, 0.14920932982837962, 0.1467143098313001, 0.15376664025168266, 0.14211601060965368, 0.1399737943805033, 0.13889178994201845, 0.1428915882302869, 0.13585795317926713, 0.13108982800716354, 0.1299384849206094, 0.12714328187247437, 0.1266746435674929, 0.12332189828157425, 0.12510259785959799, 0.12075391213499731, 0.11914494792900739, 0.12014551893357307, 0.11725871313002802, 0.11503167327253087, 0.11276854715035897, 0.11205994764402989, 0.11758730272131582, 0.11033576805024378, 0.10962979014748858, 0.10756910276869612, 0.10734722823385269, 0.11055589611491849, 0.10942901310420805, 0.11406683393063084, 0.10386294443366839, 0.10337627625032779, 0.10080062452283117, 0.09943735190937596, 0.09792461195930598, 0.09703259049884734, 0.09683407758993487, 0.10600664394517098, 0.09652705766981648, 0.10220412549472624, 0.11541309976770033, 0.0968729919723926, 0.09506742090701253, 0.09331839914704042, 0.09206613381543467, 0.09038975943000085, 0.08840932048136188]

[Val Loss Tracker]
[0.6668761101636019, 0.6922971931370822, 0.6443866220387545, 0.6209033294157549, 0.6064384796402671, 0.5878228030421517, 0.5780876739458605, 0.5687181055545807, 0.5587732250040228, 0.5519985231486234, 0.5467509952458468, 0.5401850369843569, 0.5324659726836465, 0.5293897661295804, 0.5255181410095908, 0.5172831253571943, 0.5080288540233265, 0.5087034079161558, 0.5057788816365328, 0.5017236904664473, 0.5015503682873466, 0.4973977208137512, 0.49553022330457513, 0.49382617527788336, 0.4886095496741208, 0.48902582038532605, 0.48673676631667395, 0.48692532831972296, 0.4823734597726302, 0.47998339479619806, 0.47989457845687866, 0.4767994067885659, 0.4748707522045482, 0.4749239981174469, 0.4714069366455078, 0.46413871916857635, 0.46424295143647626, 0.46613227779215033, 0.4639135572043332, 0.4630875858393582, 0.46248930963602936, 0.4590687562118877, 0.4573497718030756, 0.4538242085413499, 0.45226179740645667, 0.44948025996034796, 0.45049080523577606, 0.4506259100003676, 0.448566580360586, 0.4487036033110185, 0.44492142308842053, 0.44501353393901477, 0.4424143135547638, 0.44152198054573755, 0.4390512081709775, 0.43720353733409534, 0.4360586973753842, 0.43516587127338757, 0.4334357164122842, 0.432852414521304, 0.4313103746284138, 0.4301178292794661, 0.4295334355397658, 0.4274773435159163, 0.42697114836085925, 0.4248350614851171, 0.42087166146798566, 0.4218103425069289, 0.42159424044869165, 0.4204297661781311, 0.4187148619781841, 0.41826376048001374, 0.41575029492378235, 0.41503221880305896, 0.4174578948454423, 0.41855492375113745, 0.4128994183106856, 0.402648771351034, 0.40399185635826806, 0.4040169390765103, 0.40463066642934625, 0.40565713427283545, 0.40560463070869446]

[Macro Recall]
[0.009266112874933249, 0.014063541612268601, 0.017388886522536853, 0.020064119574944896, 0.022510765035913663, 0.02472331237043189, 0.026722188809510633, 0.02862168779761674, 0.03037249964404516, 0.03199540510646065]

[Macro Precision]
[0.013088219401785289, 0.010011287088290056, 0.008454509431923784, 0.007420960363106178, 0.006707652405709686, 0.0061854844842559025, 0.005766192597523856, 0.005427258318222209, 0.0051468322106297355, 0.004905080390483764]

[Macro NDCG]
[0.01723646022873687, 0.016718278634355363, 0.017039615313651748, 0.01752207258645385, 0.018097329188835578, 0.01868563841971476, 0.01924214469845873, 0.019787028997685006, 0.02030121441817367, 0.02078350813073167]

[Micro Recall]
[0.008372134464160352, 0.012807829558704024, 0.016224274888665974, 0.018987847347569545, 0.02145340254297824, 0.02373999376314387, 0.02581920183603213, 0.02777321193482332, 0.029630443231551732, 0.0313763020973349]

[Micro Precision]
[0.013088219401784321, 0.010011287088291448, 0.008454509431923248, 0.007420960363108032, 0.006707652405710787, 0.006185484484256112, 0.005766192597522673, 0.005427258318223845, 0.005146832210628275, 0.004905080390485225]

[Micro NDCG]
[0.02041172488517906, 0.021324930687043806, 0.022370077700840763, 0.023295013142774334, 0.024183747619701695, 0.02504270933083267, 0.025826420340160933, 0.026570691491008772, 0.027281608868878617, 0.027945921063579054]

