===== Tracker Values =====

[Train Loss Tracker]
[0.6204910403297793, 0.33920786457677043, 0.278380204112299, 0.24621447055570542, 0.2334968779356249, 0.20911994239976328, 0.19961617382303362, 0.18502124230707845, 0.18197209940802667, 0.17456361675454724, 0.1633515436082117, 0.16695764588732873, 0.1610065643345156, 0.15702130909888976, 0.15413582949869095, 0.14791553046914838, 0.14493130219559516]

[Val Loss Tracker]
[0.6217208017002452, 0.5303239199248228, 0.5415493575009432, 0.49854799021374097, 0.49673493071035907, 0.4703829857436093, 0.4398693090135401, 0.4224694913083857, 0.45590331608598883, 0.45115975629199634, 0.430348664522171, 0.41946895014155994, 0.441283028234135, 0.4314314993945035, 0.4365317550572482, 0.4314674274487929, 0.4202523637901653]

[Macro Recall]
[0.0281973276878219, 0.050026606806701165, 0.07424354899838442, 0.10014212822708217, 0.12168607536235918, 0.14052419389499055, 0.16246893821342137, 0.1791172095921233, 0.19861656143919204, 0.2176399184737597]

[Macro Precision]
[0.03508196721311476, 0.03516393442622963, 0.03415300546448093, 0.03418032786885245, 0.034098360655737514, 0.03355191256830609, 0.03358313817330217, 0.033237704918032754, 0.033096539162112984, 0.03303278688524585]

[Macro NDCG]
[0.038765661734242444, 0.04774989555247039, 0.05705071951270838, 0.06698223743579654, 0.07541724982565043, 0.0825635051925758, 0.0907118385579423, 0.09707065654371558, 0.10399484677652247, 0.11078362787809515]

[Micro Recall]
[0.01048146152715874, 0.021011901846500466, 0.030611745114365478, 0.040848312680609296, 0.05093794387030416, 0.060145956800705294, 0.07023558799040015, 0.0794436009208013, 0.08899446539648333, 0.0986922662487143]

[Micro Precision]
[0.035081967213114754, 0.03516393442622951, 0.03415300546448088, 0.03418032786885246, 0.03409836065573771, 0.03355191256830601, 0.03358313817330211, 0.03323770491803279, 0.033096539162112935, 0.0330327868852459]

[Micro NDCG]
[0.03850423725082892, 0.04581547438528826, 0.05146026346426836, 0.05772385841077209, 0.06355842280565323, 0.06849954888614887, 0.07400642340216267, 0.07868671984485351, 0.08358170105299133, 0.08857478717485048]

