===== Tracker Values =====

[Train Loss Tracker]
[0.6552257903160588, 0.33913979703380215, 0.2699776129616845, 0.24323743870181422, 0.21820981848624446, 0.19917991913614735, 0.19557298191132083, 0.17781098643618246, 0.18617026892400557, 0.18454378987512282, 0.16256305935882753, 0.16726827669528224, 0.1619364902857811, 0.16104842061477323, 0.14749585680903926, 0.14608498656701657, 0.14452569595267695, 0.14419797279181018, 0.13940224910695706, 0.1466166155953561, 0.15358671738255408, 0.14438016832836212, 0.14133558542497696, 0.13491439771267674, 0.13182046697024377, 0.134964169754136, 0.13182395792776538, 0.14162705718509613, 0.12924420941741235, 0.1274068433070375]

[Val Loss Tracker]
[0.5512695366686041, 0.5316008952530947, 0.5037651360034943, 0.5022694197568026, 0.47215420549566095, 0.4896604906428944, 0.46689689430323517, 0.43757516687566583, 0.44060754776000977, 0.45682564648714935, 0.45360393686728046, 0.45698720758611505, 0.4716493677009236, 0.41297711025584827, 0.4018902128393, 0.40209552916613495, 0.43176785653287714, 0.422559456391768, 0.40880603140050714, 0.3939972154118798, 0.40670341524210846, 0.4394288713281805, 0.44630811702121387, 0.4497370313514363, 0.3897820169275457, 0.4218709807504307, 0.4104923064058477, 0.4264108348976482, 0.45807629146359186, 0.4057696895165877]

[Macro Recall]
[0.022295597825235967, 0.047258903153035665, 0.06995054874025085, 0.09678034416201291, 0.122627994798762, 0.15176130717854797, 0.17187245332860118, 0.19145960198858145, 0.20858804356150878, 0.22440512065594387]

[Macro Precision]
[0.032295081967213105, 0.032786885245901724, 0.03202185792349729, 0.03295081967213113, 0.033868852459016184, 0.03521857923497276, 0.034707259953161686, 0.034303278688524536, 0.03398907103825142, 0.03345901639344251]

[Macro NDCG]
[0.03408888189059672, 0.04353449957545053, 0.052201669223076126, 0.06265683298890005, 0.0727405999774689, 0.08365481838033458, 0.0910963850911242, 0.09814309296764025, 0.1045059382682132, 0.11024126742665724]

[Micro Recall]
[0.009648822060048, 0.019591516873193906, 0.028701572219229074, 0.039378948915119755, 0.050595092325023266, 0.06313366312386737, 0.07258657001518343, 0.0819904981143165, 0.09139442621344958, 0.09996571484547191]

[Micro Precision]
[0.03229508196721311, 0.03278688524590164, 0.032021857923497266, 0.03295081967213115, 0.03386885245901639, 0.03521857923497268, 0.034707259953161596, 0.03430327868852459, 0.03398907103825136, 0.03345901639344262]

[Micro NDCG]
[0.03493640589736272, 0.042083877352118174, 0.04760941808426595, 0.0545276630448677, 0.06150067861711425, 0.06918092147029296, 0.07418627482756952, 0.07899708695172734, 0.08378641722930834, 0.08805907287220494]

