===== Tracker Values =====

[Train Loss Tracker]
[0.2715130727137289, 0.18161574270456068, 0.1606856254351911, 0.13700563292349538, 0.15498485872822423, 0.14197507840894869, 0.14141149554521806, 0.13349001253804854, 0.12061278397337563, 0.1325624931243158, 0.12615110845335067, 0.1291113839514794, 0.12779063130578688, 0.11307484752708866, 0.11091241528910975, 0.11942279699348635, 0.1108228649583555, 0.10635352735557864, 0.11112595335817703]

[Val Loss Tracker]
[0.1808536018837582, 0.1837509267709472, 0.15666076270016757, 0.15545892444523898, 0.1479823115197095, 0.14385496757247232, 0.15001382407816974, 0.1479281634092331, 0.13699715381318872, 0.1479073715480891, 0.14342448183081366, 0.1438200602477247, 0.16049131615595383, 0.1412675522945144, 0.15220535546541214, 0.15589890425855463, 0.15329928763888098, 0.16106913441961462, 0.16053499620069156]

[Macro Recall]
[0.29377930670060587, 0.5093359653265234, 0.6659938391765696, 0.7796091316496626, 0.8615647517990936, 0.8717774711052073, 0.8778791681796407, 0.8837032674780597, 0.8894032247741318, 0.8925053792159191]

[Macro Precision]
[0.14034188034187936, 0.12846153846153824, 0.11877492877492836, 0.11032051282051267, 0.10184615384615484, 0.08582621082621034, 0.07406593406593463, 0.06527777777777778, 0.05842355175688588, 0.05283760683760733]

[Macro NDCG]
[0.22902207115437387, 0.31852899649781147, 0.3780888474823559, 0.42005657991799583, 0.44979911359281277, 0.45277098745246586, 0.4544456501870243, 0.4560704238547098, 0.45758623316315056, 0.45846300266298745]

[Micro Recall]
[0.22346216657593904, 0.4090909090909091, 0.5673652694610778, 0.7026401741970604, 0.8108328796951552, 0.8199510070767556, 0.8255307566684812, 0.831518780620577, 0.8372346216657593, 0.8413173652694611]

[Micro Precision]
[0.14034188034188033, 0.12846153846153846, 0.11877492877492878, 0.11032051282051282, 0.10184615384615385, 0.08582621082621082, 0.07406593406593406, 0.06527777777777778, 0.05842355175688509, 0.05283760683760684]

[Micro NDCG]
[0.21420508027707844, 0.3002960251036133, 0.3641037210253028, 0.4139027516201227, 0.45165797431901195, 0.4547242896327435, 0.45651686092322535, 0.4583834550204107, 0.4601153500925686, 0.4613211263596028]

