===== Tracker Values =====

[Train Loss Tracker]
[0.6759821679443121, 0.22552770856888063, 0.19046449925630324, 0.2119709772448386, 0.17290456256558817, 0.17097140728465973, 0.15594142338921946, 0.16580964192267386, 0.1613622834124873, 0.13988460188791638, 0.14614334317945665, 0.1387997727705947, 0.13285930244432342, 0.13469829362246297, 0.13411695534183132, 0.13759838333052973, 0.13288956832501195, 0.12277941549977948, 0.12506966749506612, 0.13430061407627597, 0.12315498484719184, 0.12704025521393744, 0.1227149831191186, 0.11807071939581933, 0.11208345068077888, 0.11530702753413108, 0.10618524437825638, 0.11307407482977837, 0.11081083575564046, 0.10329197731710249, 0.10865247441876319, 0.10467376234596633, 0.10318760591889581, 0.09914998126975749]

[Val Loss Tracker]
[0.19957166368311102, 0.15917897021228616, 0.15587943318215283, 0.16181119870055805, 0.14623693986372513, 0.1556407863443548, 0.14249203354120255, 0.14165408570658078, 0.13784597475420346, 0.13975634290413422, 0.14160769229585474, 0.14115675403313202, 0.1449459825049747, 0.14112233167344873, 0.14354826239022342, 0.14236804368821057, 0.1456479396332394, 0.1366232471032576, 0.13988049125129526, 0.14207394285635513, 0.13435141809962012, 0.14025582711804996, 0.1359219713644548, 0.13578895208510486, 0.13385212082754483, 0.13387262482534756, 0.13940562511032278, 0.1343515312129801, 0.12968494539911096, 0.13978007638996298, 0.14689591662450271, 0.1351985836570913, 0.13193450326269324, 0.14331181279637598]

[Macro Recall]
[0.2957274069717763, 0.4971396109405017, 0.6496126234965658, 0.7647154042071223, 0.8609455525772851, 0.8673622794124227, 0.8726518410815391, 0.8760250636405146, 0.8790657814095677, 0.8831947808128942]

[Macro Precision]
[0.14042735042734963, 0.12786324786324757, 0.11626780626780585, 0.10743589743589722, 0.10097435897435997, 0.08494301994301945, 0.07334554334554394, 0.06462606837606834, 0.05774928774928852, 0.052256410256410764]

[Macro NDCG]
[0.2279434774640835, 0.3132647643656003, 0.370124648975795, 0.4117392575183871, 0.4457708247414152, 0.4478160856410472, 0.4493829850043816, 0.45054171203104076, 0.4514678936659491, 0.45256492516151714]

[Micro Recall]
[0.22359825802939576, 0.40718562874251496, 0.5553892215568862, 0.6842678279804029, 0.8038922155688623, 0.8115133369624388, 0.8175013609145345, 0.8232172019597169, 0.827572128470332, 0.8320631464344039]

[Micro Precision]
[0.14042735042735044, 0.12786324786324788, 0.11626780626780626, 0.10743589743589743, 0.10097435897435897, 0.08494301994301995, 0.07334554334554334, 0.06462606837606838, 0.057749287749287746, 0.05225641025641026]

[Micro NDCG]
[0.21149390551075478, 0.296456946663327, 0.35590690302216915, 0.4035485267045032, 0.44532066749592775, 0.44787567490176755, 0.4498020018579677, 0.4515814050818101, 0.45290086776793154, 0.45422922323442766]

