===== Tracker Values =====

[Train Loss Tracker]
[0.6471047747519708, 0.3453576574402471, 0.27697806300655486, 0.24007686491935484, 0.2135468610832768, 0.21864428443293418, 0.20839157412129064, 0.18235911831500068, 0.18258646322834876, 0.16899583344497987, 0.16715150638934104, 0.17045290527805204, 0.161793717693898, 0.15957327571607405, 0.15297367784284777, 0.17635120066904253, 0.15291087858138547, 0.1457433291981297, 0.15081171523178777, 0.1404715694727436, 0.13583817284914754, 0.14606161679952376, 0.14285086431810934, 0.13343133464936288, 0.12992171330317373, 0.1299610249698162, 0.13046596992400386, 0.12764683401873034, 0.12572071268673865]

[Val Loss Tracker]
[0.6750444932417436, 0.46894977309487085, 0.4767095392400568, 0.4985494153066115, 0.4614271440289237, 0.4588291645050049, 0.4870219176465815, 0.4754013852639632, 0.439111590385437, 0.4706545688889243, 0.45734363523396576, 0.45790607549927453, 0.4368634115565907, 0.44372918930920685, 0.44270069761709735, 0.4285801513628526, 0.44223340532996436, 0.4389041580937125, 0.4201237613504583, 0.42582858286120673, 0.4224264486269517, 0.42519147016785364, 0.4301910156553442, 0.41025871309367096, 0.4459795355796814, 0.4233084646138278, 0.45381374792619184, 0.4395710988478227, 0.42851008610291913]

[Macro Recall]
[0.026797439370304914, 0.049404053349850284, 0.08106056695166225, 0.10881848106464555, 0.13331788660310742, 0.15362462166663196, 0.17355672427334787, 0.1892377399344394, 0.20504746649954084, 0.22254829573738127]

[Macro Precision]
[0.03442622950819673, 0.03336065573770497, 0.03530054644808749, 0.03618852459016394, 0.03596721311475387, 0.035519125683060225, 0.03531615925058555, 0.03446721311475404, 0.03386156648451739, 0.03357377049180321]

[Macro NDCG]
[0.038083828158476704, 0.04667974771999542, 0.0593078117145379, 0.07029326013947336, 0.07961894184307414, 0.08744442482506215, 0.09509158459898095, 0.10098699647814255, 0.10695762577396169, 0.11327960624833355]

[Micro Recall]
[0.010285546358426802, 0.0199343684184748, 0.03164029975020816, 0.04324827349757555, 0.05372973502473429, 0.0636724298378802, 0.07386001861194103, 0.08238232845178038, 0.09105157466816868, 0.1003085663907528]

[Micro Precision]
[0.03442622950819672, 0.03336065573770492, 0.03530054644808743, 0.03618852459016393, 0.0359672131147541, 0.03551912568306011, 0.03531615925058548, 0.0344672131147541, 0.033861566484517304, 0.03357377049180328]

[Micro NDCG]
[0.038030173816246855, 0.04401831280366167, 0.05225499113104241, 0.059772645818891905, 0.06583675618526218, 0.07129325092683533, 0.07678882398790832, 0.08091921987100506, 0.08518654715340439, 0.08987911448014481]

