===== Tracker Values =====

[Train Loss Tracker]
[0.6470904244530585, 0.1966957298498, 0.17765774121207575, 0.1832175723487331, 0.16773684803516634, 0.16759590179689468, 0.18793943115780432, 0.15353947684249555, 0.15988587227559858, 0.14872458264712365, 0.1472461129418544, 0.14632344966934574, 0.1359305045297069, 0.15673623426306632, 0.13436964562823694, 0.13058591977380088, 0.13358687585399998, 0.12066274490535439]

[Val Loss Tracker]
[0.21622530574148352, 0.1738773685964671, 0.1714759340340441, 0.16040162403475156, 0.15104596994139932, 0.1526142873547294, 0.14846578985452652, 0.15063796192407608, 0.14712301235307346, 0.14285847409205002, 0.1439468880945986, 0.1428746059536934, 0.13239595293998718, 0.14002628082578833, 0.13613782619888132, 0.14526314830238168, 0.13931067423387009, 0.13502471826293252]

[Macro Recall]
[0.25498678739209746, 0.4778524602686108, 0.6532863183955093, 0.7704115620030367, 0.8615033644080945, 0.8671491071037812, 0.8713290881897626, 0.8755975938507141, 0.8791109455911685, 0.8831071413850432]

[Macro Precision]
[0.1321367521367511, 0.12512820512820486, 0.11649572649572607, 0.10829059829059799, 0.10114529914530011, 0.08490028490028442, 0.07321123321123382, 0.06449786324786319, 0.057654320987655126, 0.05224786324786375]

[Macro NDCG]
[0.1990369120714188, 0.29028318293327793, 0.3539755804485947, 0.3964254151345294, 0.42894039665877576, 0.43068193355628487, 0.43193927274711846, 0.43327610578262654, 0.4343216054116038, 0.4355264098424986]

[Micro Recall]
[0.21039738704409364, 0.39847577572128473, 0.55647795318454, 0.6897114861186717, 0.8052531301034295, 0.8111050626020686, 0.8160043549265106, 0.8215841045182363, 0.8262112139357648, 0.8319270549809472]

[Micro Precision]
[0.13213675213675213, 0.12512820512820513, 0.1164957264957265, 0.1082905982905983, 0.10114529914529914, 0.0849002849002849, 0.07321123321123321, 0.06449786324786325, 0.05765432098765432, 0.05224786324786325]

[Micro NDCG]
[0.19643050835748962, 0.2837212237059009, 0.347586123700251, 0.39675554803945656, 0.4371381138006314, 0.43910849579682903, 0.4406848100959503, 0.44242544286267704, 0.4438242172853202, 0.44551340249461435]

