===== Tracker Values =====

[Train Loss Tracker]
[0.44809693194204764, 0.2575547913870504, 0.226740546764866, 0.19862682874044102, 0.18427468668068608, 0.18161893035134963, 0.16985846815570707, 0.16495161094973165, 0.16823696032647165, 0.1675572068460526, 0.15563311548002304, 0.1807506497829191, 0.13909786891552708, 0.13319361233903515, 0.16421243211915415, 0.13285429174861602, 0.12733708033638616, 0.12429889688088049, 0.12280280215124931, 0.12042030656049328, 0.11766577596145292, 0.11691154347312066, 0.11551066752403014, 0.11788121250367933, 0.12035274866127199, 0.13239204811473046, 0.13021295181205195, 0.11970744306041349, 0.11466172872291457, 0.11198657715032177, 0.11187075222692182, 0.11108352195832037, 0.11755656499055124, 0.11139298302512016, 0.1100907628574679, 0.107942663613827, 0.11090712345415546, 0.1076304366992366, 0.11005488014028918, 0.11335123090013381, 0.11597664029367509, 0.11367721110582352, 0.10973190131687349, 0.10538282587883933]

[Val Loss Tracker]
[0.6639035289937799, 0.3133635168725794, 0.23053570769049905, 0.22142089632424442, 0.20422659543427554, 0.19999686018987137, 0.19634009220383383, 0.19077461687001315, 0.1893150725147941, 0.1769316548650915, 0.1815673126415773, 0.1718858155337247, 0.16814378852194006, 0.16277448968453842, 0.16143515706062317, 0.16394915838133206, 0.15835471044887195, 0.15703174675052817, 0.15474176271395249, 0.15276749296621842, 0.15138474784114145, 0.1507639614018527, 0.14892449975013733, 0.14710297570987182, 0.14800301329656082, 0.1674028052525087, 0.1606451618400487, 0.15451771224086935, 0.14672945575280624, 0.145501818169247, 0.14440991526300256, 0.14462917298078537, 0.14215890182690186, 0.14278459278019992, 0.1416733908382329, 0.14121466130018234, 0.14023593271320517, 0.14040995524688202, 0.1386040814898231, 0.14119678261605176, 0.14302561567588287, 0.14350185069170865, 0.14116914570331573, 0.13980902460488406]

[Macro Recall]
[0.019078693821595678, 0.041261357196135114, 0.06666110764737891, 0.08894773803026088, 0.1107137518370353, 0.1284003315273118, 0.1451497238572325, 0.16179490147166486, 0.17750435681420437, 0.19197232991555815]

[Macro Precision]
[0.027784228928621705, 0.030144958781354633, 0.032110152451154624, 0.0328213384619103, 0.03333561021023279, 0.033267268331289866, 0.033171583602204055, 0.033100033512824256, 0.03299128003627687, 0.03280427255936378]

[Macro NDCG]
[0.028867849090146527, 0.03758525008283152, 0.047380731063911524, 0.05584426385269799, 0.06402896920081753, 0.07074508147894669, 0.07708804660008217, 0.08330874982603446, 0.08916377609321197, 0.09456540151751236]

[Micro Recall]
[0.007511829155763387, 0.016300166605714296, 0.026044197231294544, 0.035494710013200224, 0.045063587934188985, 0.053965442804216154, 0.06277859595860671, 0.07159221080052174, 0.08027661084652889, 0.08869063513602497]

[Micro Precision]
[0.027784228928572952, 0.030144958781415564, 0.03211015245112898, 0.032821338461998216, 0.03333561021008457, 0.03326726833134818, 0.033171583602340224, 0.03310003351277968, 0.03299128003639208, 0.0328042725592237]

[Micro NDCG]
[0.02950457129082947, 0.03694547285679224, 0.04397424138591409, 0.049780694788733426, 0.05529822724877532, 0.060019864190814204, 0.06458177917450579, 0.06908790955857999, 0.07347182192981157, 0.07765933503967343]

