===== Tracker Values =====

[Train Loss Tracker]
[0.5128862646318251, 0.29548948810946557, 0.23090292633541168, 0.27065817771419404, 0.2605913084360861, 0.20576097696058213, 0.18121300383647015, 0.18999107326230696, 0.21442337622565608, 0.19258144209461828, 0.19042961275385273, 0.18285376230074513, 0.18042979365394962, 0.18585318735530298, 0.19434820980794967, 0.1828958685359647, 0.2584997148763749, 0.1754951772670592, 0.16854189865050778, 0.17623290780090517, 0.17549159041335505, 0.17394310247994238, 0.18041473086322507, 0.17920440833901716, 0.16533296747553733, 0.16987607267595106, 0.16637696140374433, 0.17452482855127704, 0.16787391300162963, 0.17677723568293355, 0.17401282945948263, 0.15026173617038988, 0.16224369610990247, 0.15232501635628362, 0.1550557434491918, 0.15054594701336277, 0.16545230847212575, 0.14948442289906164, 0.14923242623767546]

[Val Loss Tracker]
[0.19315970756790854, 0.18033590777353806, 0.19054892320524563, 0.17046900974078613, 0.1649242267012596, 0.16040833497589285, 0.16679589043964038, 0.1641730402003635, 0.16615912385962225, 0.1553659283302047, 0.19459055228666824, 0.17681680619716644, 0.18768095360560852, 0.1786293712529269, 0.18942815336314114, 0.2017620178786191, 0.1884440779685974, 0.17456938732754101, 0.15896097096529874, 0.1674561541188847, 0.16288929974490945, 0.17079465429891239, 0.16375454041090878, 0.15803796459328046, 0.17538156495852905, 0.15625429830767892, 0.1699417233467102, 0.17313400317322125, 0.15337816016240555, 0.16536782749674536, 0.173421979627826, 0.1656799472191117, 0.17501961439847946, 0.1799903613599864, 0.18874304538423364, 0.17257613350044598, 0.19115444882349533, 0.17363664440133356, 0.1905452162027359]

[Macro Recall]
[0.3098019381648561, 0.5228637100631303, 0.6726513827764525, 0.7819263413647991, 0.8575751886860841, 0.8685962738970047, 0.8726434106586417, 0.8776447989334413, 0.8802553151978036, 0.8828400808594921]

[Macro Precision]
[0.14658119658119562, 0.1318803418803417, 0.11974358974358942, 0.10972222222222205, 0.1007350427350437, 0.08495726495726448, 0.07316239316239377, 0.06433760683760677, 0.05732193732193806, 0.0517350427350432]

[Macro NDCG]
[0.2407602850137685, 0.3296158791889027, 0.3867101929242863, 0.4267723708118426, 0.45469838407178415, 0.45791170055920577, 0.4590613530853606, 0.4603602046638001, 0.46101088251958033, 0.4616838403706087]

[Micro Recall]
[0.23339684267827981, 0.41997822536744694, 0.5719923788786064, 0.6988296135002722, 0.8019869352204682, 0.8116494284158955, 0.8154599891126837, 0.8195427327163854, 0.8214480130647795, 0.8237615677735438]

[Micro Precision]
[0.1465811965811966, 0.13188034188034187, 0.11974358974358974, 0.10972222222222222, 0.10073504273504273, 0.08495726495726495, 0.07316239316239316, 0.06433760683760684, 0.05732193732193732, 0.05173504273504274]

[Micro NDCG]
[0.22416366124204215, 0.3101879132635489, 0.3713510840911651, 0.41803885179010986, 0.454055025081004, 0.45729951028774946, 0.4585229945404499, 0.45979532589356537, 0.4603727131833253, 0.4610562913590892]

