===== Tracker Values =====

[Train Loss Tracker]
[1.183794669566616, 0.8788020014762878, 0.5776603789098801, 0.35868470803383856, 0.2831416504998361, 0.2531072127242242, 0.22886302057773836, 0.2259901637031186, 0.21563042508017632, 0.2034140714714604, 0.188441387587978, 0.1967787314807215, 0.1781090245612206, 0.18256041167243833, 0.17271922961358102, 0.17259764911666994, 0.16623989372484146, 0.16563550935637567, 0.16111367147776387, 0.16981397617247798, 0.15917933804373588, 0.15731568526356451, 0.16191475045296452, 0.15903827932573134, 0.1565728735539221, 0.1533184630736228, 0.15772714057276327, 0.152801061830213, 0.15078901451441548, 0.14680352434515953, 0.15306591506927245, 0.1468053039523863, 0.15271100305741833, 0.14558842273489123, 0.15003923302696598, 0.14579189785065189, 0.14483836749869008, 0.1415140823491158, 0.14026823543733166, 0.14169910958697718, 0.1397838900166173, 0.14650889846586412, 0.14636267817789508, 0.1382549395484309, 0.14135334280229384, 0.13780991733074188, 0.14222576877763193, 0.13507244002915197, 0.13521153191404958, 0.13545976723394088, 0.13453394210627, 0.1347489159914755, 0.13663212426247134, 0.1320952480478633, 0.1344418955906745, 0.13609026564705756, 0.13528571301890957, 0.13101232250130945, 0.14341325481091777, 0.14372306869876, 0.130042276916004, 0.13189455458233434, 0.13001642640559904, 0.13945579865286428, 0.13197894418431866]

[Val Loss Tracker]
[0.7672021226449446, 0.5653375631028955, 0.34225642681121826, 0.25457230616699567, 0.2279770618135279, 0.21544681895862927, 0.2073824405670166, 0.20194260505112735, 0.19881034845655615, 0.19586980884725397, 0.19430947574702176, 0.1920059770345688, 0.19069071114063263, 0.18876333399252457, 0.18753411824052985, 0.1867926906455647, 0.18613748523322018, 0.185223942453211, 0.18490168994123285, 0.1840487000617114, 0.18294933167370883, 0.1822847453030673, 0.18152852898294275, 0.1814988539977507, 0.1810000863942233, 0.18132370033047415, 0.18111553923650223, 0.18052669411355798, 0.17998169498010116, 0.17897381294857373, 0.17815227129242636, 0.17655481872233478, 0.17637461898001758, 0.17646705562418158, 0.17566599561409516, 0.17531351609663529, 0.17535555227236313, 0.1743692715059627, 0.17457810450683942, 0.17436609891327945, 0.17408925701271405, 0.17336138879710977, 0.1734068434346806, 0.17355679111047226, 0.1728215982968157, 0.17320037294517865, 0.17311463098634372, 0.17255497723817825, 0.1723834601315585, 0.1718987070701339, 0.17210464653643695, 0.17197592827406796, 0.17180789803916757, 0.17212610285390506, 0.17186238278042187, 0.17170678756453775, 0.17132378505034881, 0.17073051834648306, 0.1713067110289227, 0.1706915877082131, 0.17180291292342273, 0.17166361957788467, 0.17094456472180106, 0.17123378135941245, 0.1710511574690992]

[Macro Recall]
[0.00926324133388051, 0.024702607605143857, 0.04191846509760023, 0.0564602618391283, 0.07166181959787706, 0.08659364152704004, 0.10130630878135498, 0.11573858889289167, 0.12996425288543345, 0.14404061275107052]

[Macro Precision]
[0.02082168212810842, 0.024657187744106617, 0.02640408585533033, 0.026818281754873864, 0.027162556192750806, 0.027428680393323548, 0.027678171196208794, 0.027857257971623833, 0.028018936973577834, 0.02815028667315818]

[Macro NDCG]
[0.020789169855602516, 0.02718119331842021, 0.0336304775688793, 0.03895822145642196, 0.044525477684237605, 0.05001911025234813, 0.0554502143156351, 0.060757845727225035, 0.06596750676697016, 0.07107812955807455]

[Micro Recall]
[0.005629413696664486, 0.013332785464137643, 0.021416068353299685, 0.029002690888025366, 0.036718759062421134, 0.04449421179465039, 0.052382085439085325, 0.0602525880904125, 0.0681775698696258, 0.07610797647725147]

[Micro Precision]
[0.020821682128082854, 0.02465718774414167, 0.026404085855330096, 0.026818281754959677, 0.027162556192606695, 0.027428680393387382, 0.02767817119633, 0.02785725797155896, 0.02801893697367978, 0.02815028667301346]

[Micro NDCG]
[0.022342492529716797, 0.029723787355358616, 0.03570444262931559, 0.04033058826903398, 0.044765075252890314, 0.04905368848385912, 0.05330359759781854, 0.057449056617523205, 0.06157280335629726, 0.06565551291179499]

