===== Tracker Values =====

[Train Loss Tracker]
[0.528579716240206, 0.4072557674540627, 0.34061978877552096, 0.31113790240018596, 0.2698885430732081, 0.27780472703518405, 0.25367612175403104, 0.23665381793773943, 0.22607376114014657, 0.22410897814458416, 0.2095317433197652, 0.2100307576117977, 0.2033795339445914, 0.20810635435965755, 0.19287463169424765, 0.1980737058385726, 0.2104523124233369, 0.2021840834809888, 0.19177161109062932, 0.18566130774636422, 0.17772762958080537]

[Val Loss Tracker]
[0.8584319894964044, 0.6770807775584134, 0.5811186622489583, 0.5156680643558502, 0.49679499051787634, 0.4668490995060314, 0.5768060115250674, 0.45721778544512665, 0.4463021457195282, 0.43718099052255804, 0.42595841126008466, 0.43258322098038415, 0.43572873960841785, 0.4403391426259821, 0.40238557078621606, 0.3943519348447973, 0.4281831600449302, 0.42300960421562195, 0.40947664054957306, 0.4164844074032523, 0.4225064055486159]

[Macro Recall]
[0.02624835969257424, 0.04810923044894584, 0.07397177744994746, 0.09914857222740149, 0.12255279313253276, 0.14647510961477972, 0.16733534809821118, 0.1822241668188716, 0.1946528159327551, 0.21050049172796034]

[Macro Precision]
[0.034590163934426245, 0.03295081967213123, 0.033551912568306065, 0.0335655737704918, 0.0337704918032785, 0.03439890710382519, 0.03428571428571439, 0.03340163934426225, 0.03249544626593813, 0.03218032786885241]

[Macro NDCG]
[0.03918310313424426, 0.0463665673955464, 0.05643967984252836, 0.06579661908665747, 0.07461228294394551, 0.08380726468776682, 0.09164272522491887, 0.09720306430999165, 0.10188295080910083, 0.10769225338998391]

[Micro Recall]
[0.010334525150609786, 0.019689474457559877, 0.030072978400352647, 0.04011363079786452, 0.05044815594847431, 0.06166429935837782, 0.0717049517558897, 0.07983543125826517, 0.08737816525444482, 0.0961453690551991]

[Micro Precision]
[0.03459016393442623, 0.03295081967213115, 0.03355191256830601, 0.033565573770491804, 0.033770491803278686, 0.034398907103825135, 0.03428571428571429, 0.033401639344262296, 0.03249544626593807, 0.03218032786885246]

[Micro NDCG]
[0.039256639975245304, 0.04456139125241806, 0.05124135075152399, 0.05727067276525999, 0.06332029472876897, 0.06987986395555217, 0.07530113006271494, 0.07919714428485738, 0.0827426315476139, 0.08716045218691619]

