===== Tracker Values =====

[Train Loss Tracker]
[1.2081757322434457, 0.9278692353156305, 0.7136639837295778, 0.4927761372058622, 0.3368247064851945, 0.27513441827989393, 0.2505958368701319, 0.24506444940643926, 0.2209393713743456, 0.20763569637652365, 0.19566160873059305, 0.1911429082674365, 0.1877918719283996, 0.18051872210156533, 0.17974193971003255, 0.1709612540660366, 0.16994217759178532, 0.16659829284875624, 0.17385770332428716, 0.16617533516499303, 0.16257591665752472, 0.15843831495411934, 0.16075691484635876, 0.15836531452594266, 0.15423698398855426, 0.15177007452134164, 0.15442861712748004, 0.1496256821218037, 0.15287293637952498, 0.14773570541893283, 0.15070744820179477, 0.15456976284903864, 0.14788330274243508, 0.1488530880981876, 0.14344159189251163, 0.14374225033867744, 0.14535049853786344, 0.14281695432239963, 0.1404660731674202, 0.15657111906236218, 0.14533048675906274, 0.1511263361861629, 0.13808483299949476, 0.13889242780785407, 0.14457196093374683, 0.1361369762209154, 0.13770251552904805, 0.13499088795675385, 0.13485191522106046, 0.1362848245809155, 0.13479923504975536, 0.1372997054169255, 0.1326342909446647, 0.13323249115097907, 0.1317711811392538, 0.13405838128059142, 0.13238808007970934, 0.13367788589769794, 0.13512884513024362, 0.12983418802820867, 0.13041806293110694, 0.13064195456043368, 0.13398723015862127, 0.12801230746892192, 0.12915945581851468, 0.1282583770732726, 0.12709670844337634, 0.12768862011932558, 0.12674305107324355, 0.12800201052619564, 0.13309734723260325, 0.12646504671823594, 0.12996363976309377, 0.12833921419036004, 0.124856460478998, 0.1255144005821597, 0.13215474255623355, 0.12748083712593203, 0.12353581646757741, 0.1253310410726455, 0.1250661166925584, 0.12577081928330083, 0.12233936317986058, 0.1346578852784249, 0.12817485245966143, 0.12258081618816621, 0.12256202077673327, 0.12424962270644403, 0.12175982349341916, 0.12106984349027756, 0.12489497950000147, 0.12826024620763718, 0.11949714525572715, 0.11914016763048788, 0.1182916808512903, 0.11808387995246918, 0.1197443267991466, 0.12289835440535699, 0.12034354743457609, 0.11635076512973155, 0.12155961774049266, 0.11533289426757444, 0.11622931051158136, 0.11763056367635727, 0.12301087235250781, 0.1178927438393716, 0.1209275494179418, 0.11615629422087823, 0.11716758892420799, 0.11363272642296168, 0.11466388164028045]

[Val Loss Tracker]
[0.7768248102881692, 0.6367409283464606, 0.4531126862222498, 0.2975791381164031, 0.24488296969370407, 0.22528927570039575, 0.21431736241687427, 0.20682414824312384, 0.2013591920787638, 0.19780414348298853, 0.19527579166672446, 0.19283386387608267, 0.19060237841172653, 0.18929508599368008, 0.18780980868773026, 0.186648658730767, 0.18557953699068588, 0.18456079743125223, 0.18374197726899927, 0.1831231645562432, 0.18254649232734332, 0.1821981275623495, 0.18177834965965964, 0.18246947770768945, 0.18093127079985358, 0.18000475926832718, 0.17903826521201568, 0.17867646569555456, 0.1781434335491874, 0.17779254642399875, 0.17727912014180963, 0.1776104433970018, 0.17682882804762234, 0.17659493806687268, 0.17537751997059042, 0.17548368532549252, 0.17468484220179645, 0.17441403323953802, 0.17458860372955148, 0.17385661602020264, 0.17398025434125552, 0.17311552505601535, 0.17254493046890607, 0.1723938909443942, 0.1723234091292728, 0.1724156060002067, 0.17210461741144006, 0.17159592427990653, 0.17129915207624435, 0.17152644084258514, 0.1715965528379787, 0.17139332470568744, 0.17173019796609879, 0.17120950533585114, 0.17061575637622314, 0.17029988020658493, 0.1702024828303944, 0.17047129571437836, 0.16953139142556625, 0.1689972464333881, 0.16922440176660364, 0.17030939730730923, 0.16966702789068222, 0.1683248836885799, 0.1684648414904421, 0.16823382743380286, 0.16800622642040253, 0.16818770630793137, 0.1677196676080877, 0.167378922755068, 0.1675464314493266, 0.16664094545624472, 0.1665547408840873, 0.16643758592280475, 0.16588273644447327, 0.16611828993667255, 0.16567503254521976, 0.16567681932991202, 0.1669331186197021, 0.1650474633682858, 0.16497323662042618, 0.1647325869310986, 0.16352326355197214, 0.16246123950589786, 0.16082091426307504, 0.1618398055434227, 0.16189548237757248, 0.16049330613829874, 0.1598890952088616, 0.1601735163818706, 0.16012283008206973, 0.15986467152833939, 0.1586183106357401, 0.15761508657173676, 0.15790443054654382, 0.15739405155181885, 0.15684178336100144, 0.15692120519551364, 0.15591501309113068, 0.15576940368522296, 0.15556977960196408, 0.15484039959582416, 0.15485305135900324, 0.1544809266924858, 0.1539602428674698, 0.15278705886819147, 0.1533614065159451, 0.15382069552486594, 0.15347363393415103, 0.15317389165813272, 0.15298306874253534]

[Macro Recall]
[0.010101111720866314, 0.02638251836900784, 0.04125230833243061, 0.059633959782167026, 0.08045625586144291, 0.09971319121618469, 0.11672196879070616, 0.13221885063428412, 0.14674998784155452, 0.16026235666845448]

[Macro Precision]
[0.023641665136922122, 0.026948544008417043, 0.0279686559454263, 0.029864155840737056, 0.03167162598899632, 0.03263657347117953, 0.03294098884336984, 0.03293351021825575, 0.0328896269763167, 0.03279639598886454]

[Macro NDCG]
[0.02354477096167725, 0.029967439611142264, 0.0353997034865589, 0.042505426823523505, 0.05045785052605344, 0.057655740151397676, 0.06392674158348145, 0.06959375477738426, 0.0749353628504342, 0.0799624830863018]

[Micro Recall]
[0.006391832932367337, 0.0145717816469629, 0.022685074225214753, 0.032296658242215934, 0.04281418860408604, 0.05294234325001586, 0.0623421858261122, 0.07123203682050346, 0.08002926175530019, 0.08866933979895932]

[Micro Precision]
[0.0236416651368901, 0.026948544008469983, 0.027968655945423266, 0.02986415584082924, 0.031671625988840456, 0.03263657347125514, 0.03294098884350721, 0.03293351021819595, 0.03288962697643575, 0.03279639598871238]

[Micro NDCG]
[0.02545415094204264, 0.03293707866148658, 0.038464725483513255, 0.044923020260021165, 0.05160451290870906, 0.057507074264940304, 0.06260650650129218, 0.0672220559431321, 0.07172365899176798, 0.07608964239414596]

