===== Tracker Values =====

[Train Loss Tracker]
[1.2318039363430393, 0.9264951175259005, 0.7178735559986483, 0.4605349773360837, 0.3279583829064523, 0.2726788967847824, 0.24024147203853052, 0.22327385145810344, 0.21365216134055967, 0.2032111681276752, 0.19004761487726243, 0.1847071469791474, 0.1836577860578414, 0.17934717045676324, 0.17468478698884288, 0.18014021362027816, 0.17074698786581716, 0.1648593823755941, 0.16917995772054117, 0.15824947193745645, 0.15593079165104898, 0.15318943283730937, 0.15509677942722075, 0.15660267491494456, 0.15805024437365994, 0.15484438115550625, 0.14743536866960988, 0.1461774906323802, 0.14672114027123298, 0.14355302265574854, 0.1425150960924164, 0.14228310375925032, 0.14359669555579463, 0.14053504060833685, 0.1420322916200084, 0.14566574029384122, 0.13858556122549118, 0.137981315533961, 0.13812716641733724, 0.13760967504593632, 0.13811282044456852, 0.1377075201561374, 0.13613603360229923, 0.13722044229507446, 0.1378278669811064, 0.13574703854899253, 0.1361476307915103, 0.134871794091117, 0.13306356317573978, 0.13269762815006317, 0.1374712158595362, 0.13048702766818385, 0.13010880519305507, 0.13047211809504417, 0.13857626386227145, 0.13201429694890976, 0.12866553135456577, 0.13895956018278677, 0.12973977505199372, 0.1273159763865894, 0.1317848587228406, 0.13190120747012476, 0.12925579470972862, 0.12946865635533486, 0.12683349967964233, 0.1276017225557758, 0.13186107575893402, 0.12543472719769325, 0.1253686852512821, 0.1389034746154662, 0.12425290600907418, 0.1241835754725241, 0.12579346520285453, 0.12554782556910668, 0.12330428895450407, 0.1221137779854959, 0.13008441223252204, 0.12550986173652834, 0.1252780878736127, 0.12069221910449766, 0.1256849191361858, 0.12038011680687627, 0.12869572230885107, 0.12236803385519213, 0.13101266396622505, 0.11834825767624763, 0.12483201632576604, 0.11690782905826645, 0.12437406711040004, 0.12134493046229886, 0.12513559960549878, 0.11942164455690692, 0.11652915588309688, 0.11635961936366174, 0.1165170390759745, 0.11454052862621122, 0.12018095341420942, 0.11394212010406679, 0.1132614532065007, 0.11568837420594308, 0.11357667008715291, 0.11402288848353971, 0.11418484295568158, 0.1129685262999227, 0.11121557100165275, 0.11166289833284193, 0.11432844977225026, 0.1099931868093629, 0.11356027304164824, 0.12208916006549712, 0.11565494489285254, 0.12135282783739028, 0.11307568199211551, 0.11266435971183161, 0.10922513493607121, 0.10838765867294804, 0.10750540796547167, 0.10960642584869938]

[Val Loss Tracker]
[0.7822948856787248, 0.6406992240385576, 0.4414639445868405, 0.2867863896218213, 0.24116196415641092, 0.22322963720018213, 0.2127742821520025, 0.2055513628504493, 0.20030334050005133, 0.1967383772134781, 0.19323918494311246, 0.1902769302779978, 0.1883967234329744, 0.1866615590724078, 0.18580739200115204, 0.18402765555815262, 0.1842903738672083, 0.18167246200821616, 0.18059866672212427, 0.18014794452623886, 0.17998816614801233, 0.17895075272430072, 0.17813023653897372, 0.17826682261445306, 0.17750223319638858, 0.176171060312878, 0.17634942179376428, 0.17603544484485278, 0.17609076337380844, 0.1760527715086937, 0.17597564648498187, 0.17552743378010663, 0.1749121289361607, 0.1745307296514511, 0.1746394099159674, 0.17354290119626306, 0.17372005094181409, 0.1742179671471769, 0.1738485111431642, 0.17356860705397345, 0.17351474206555972, 0.17316545071926984, 0.17196929116140713, 0.1720946871421554, 0.17179525237191806, 0.17096795006231827, 0.1714924702590162, 0.17126558246937665, 0.17063226347619836, 0.1703124310482632, 0.17048945277929306, 0.17100137201222507, 0.170541835102168, 0.16985306685621088, 0.16955075548453766, 0.16900903325189243, 0.16982546177777377, 0.1691115749153224, 0.1677313819527626, 0.16798493604768405, 0.16740502417087555, 0.16696864840659228, 0.16608062792908063, 0.16671327501535416, 0.1661159016869285, 0.16606062244285236, 0.16569435054605658, 0.16414294865998355, 0.1643660474907268, 0.16342226348140024, 0.1629666577685963, 0.16283667493950238, 0.16246579926122318, 0.16223350370472128, 0.162523208016699, 0.1615923297676173, 0.16062775457447226, 0.15861147100275214, 0.15868257324803958, 0.1593403613025492, 0.15856675600463693, 0.15869136493314395, 0.1577255441383882, 0.15798988125540994, 0.1568679315122691, 0.15637116134166718, 0.15617324208671396, 0.15561606667258523, 0.1543763124129989, 0.1541428349234841, 0.15395880287343805, 0.1526734998280352, 0.15291291204365817, 0.15237478505481372, 0.1517805294557051, 0.15116719969294287, 0.15092845464294607, 0.15018599277192896, 0.14976900274103339, 0.14975733174519104, 0.1488122879104181, 0.14875290339643304, 0.1482127302072265, 0.14901065487753262, 0.14861580526286905, 0.1482438025149432, 0.14775904471224005, 0.1473196636546742, 0.14709931882944974, 0.14693439277735623, 0.1461905139413747, 0.1461596658284014, 0.14542530951174823, 0.14589051292701202, 0.14696599543094635, 0.14632382582534442, 0.1462943906133825, 0.14564013548872687]

[Macro Recall]
[0.01247414148349627, 0.03225113062382316, 0.05464639795010751, 0.07679649574936093, 0.09507826814399878, 0.11211519016589637, 0.12842910768718657, 0.1441765381328165, 0.15928035380286645, 0.17380724174399542]

[Macro Precision]
[0.023697590922125054, 0.02802073950105504, 0.030791058135788984, 0.03221095761157438, 0.03266364695903654, 0.03280808632770613, 0.032774248279850926, 0.032640887085470895, 0.032472341876718123, 0.0323152207789323]

[Macro NDCG]
[0.02445399657227029, 0.03244650151176643, 0.041240377504838326, 0.04964327894578655, 0.05659825201819734, 0.06303661664847648, 0.06913017060036644, 0.07494927839618783, 0.08050510203966112, 0.08583560726263915]

[Micro Recall]
[0.006406953198793357, 0.01515154575580181, 0.024974294104302252, 0.034834612275105516, 0.044155217729816655, 0.05322056769444273, 0.062026622403144736, 0.07059912093541124, 0.07901389546713457, 0.08736841977691605]

[Micro Precision]
[0.023697590922092393, 0.028020739501107842, 0.0307910581357787, 0.03221095761167013, 0.03266364695887534, 0.032808086327782024, 0.03277424827999241, 0.03264088708541276, 0.03247234187683899, 0.03231522077877723]

[Micro NDCG]
[0.025847865392381347, 0.03410109443869061, 0.0416164011166255, 0.04806782643556716, 0.05346764775909251, 0.05840934044403739, 0.06302410474526655, 0.06740115372348933, 0.07163902993422677, 0.07582027490033284]

