===== Tracker Values =====

[Train Loss Tracker]
[0.4622837764120871, 0.3572327052393267, 0.31043682944390083, 0.2917647659778595, 0.2738151849217473, 0.28842560322053973, 0.2571797486274473, 0.27552873941679157, 0.24675305283838703, 0.22334107828717079, 0.22064952360045526, 0.21647098516264268, 0.21425090009166348, 0.2031962328380154, 0.19901275442492578, 0.2127767051419904, 0.19377934596230906, 0.19506937986420048, 0.2028518847880825, 0.19228002909691103, 0.1922213923065893, 0.19441485981787404, 0.19369117338811198, 0.1858109512156056, 0.17150868042822806, 0.169456442517619, 0.17715620610021776, 0.19458156884197267, 0.1798357819357226]

[Val Loss Tracker]
[0.7297084412791512, 0.5664140744642778, 0.5997664955529299, 0.6476203040643171, 0.513790488243103, 0.4943426928736947, 0.46865445375442505, 0.5862686200575395, 0.45525751872496173, 0.4745835770260204, 0.4401419054378163, 0.4581643017855557, 0.46985850550911645, 0.43817453492771496, 0.4283700314435092, 0.42944973707199097, 0.4343003901568326, 0.4533212808045474, 0.42321413484486664, 0.4466558478095315, 0.4062920131466605, 0.41796836256980896, 0.40922871232032776, 0.3987802538004788, 0.4331265227361159, 0.4023759934035214, 0.4332385686310855, 0.47157544710419397, 0.4310810538855466]

[Macro Recall]
[0.022654997347157705, 0.04716018538732592, 0.06953834304353296, 0.0932064614349142, 0.11592815586437963, 0.13879450417801262, 0.1545508416521955, 0.16823680203006147, 0.18575837751481697, 0.2016608173014043]

[Macro Precision]
[0.033606557377049186, 0.03278688524590172, 0.03202185792349729, 0.03217213114754102, 0.03259016393442606, 0.033060109289617584, 0.03215456674473074, 0.03198770491803272, 0.031566484517304226, 0.031327868852458945]

[Macro NDCG]
[0.03748972005349831, 0.045291021959476575, 0.05389849584931189, 0.06297537542259699, 0.07169345171493904, 0.0804233615346252, 0.08631661315532405, 0.0918982316794072, 0.09806320922157158, 0.10385383466526409]

[Micro Recall]
[0.010040652397511878, 0.019591516873193906, 0.028701572219229074, 0.038448351863643045, 0.04868491942988686, 0.05926433854141157, 0.06724788166723808, 0.07645589459763923, 0.0848802468531126, 0.0935984718616839]

[Micro Precision]
[0.03360655737704918, 0.03278688524590164, 0.032021857923497266, 0.032172131147540986, 0.03259016393442623, 0.03306010928961749, 0.03215456674473068, 0.03198770491803279, 0.03156648451730419, 0.031327868852459015]

[Micro NDCG]
[0.03799912847731287, 0.04378357039586981, 0.04912562304366388, 0.05506726688056673, 0.06115164772482218, 0.06729278322939695, 0.07127105183224802, 0.07601263494237724, 0.0801986487945431, 0.08462125386661866]

