===== Tracker Values =====

[Train Loss Tracker]
[0.6532863872426171, 0.2887384736489865, 0.2099650120663066, 0.17379578233005538, 0.16229891296355956, 0.1365805552397374, 0.13991792225128702, 0.12154573142047852, 0.11061512666844553, 0.12003459348793953, 0.13702415290378755, 0.11437676041837662, 0.10540529028061897, 0.10218187421560287, 0.09257332524735361, 0.09200831265867061, 0.07917371284096472, 0.08972487549744396, 0.0804325562090643, 0.0786740856335288, 0.07899378816927632]

[Val Loss Tracker]
[0.2558972876180302, 0.2782890349626541, 0.247135498306968, 0.2512116635387594, 0.2238348356702111, 0.22081330554051834, 0.19020081785592166, 0.20322006263516165, 0.20079432698813351, 0.18322638083587994, 0.19899207895452325, 0.20336622202938254, 0.2039605758406899, 0.18685206499966708, 0.2050944356755777, 0.15894270010969855, 0.16789577359502966, 0.16200998628681357, 0.1858598610216921, 0.1741953343153, 0.16635295342315326]

[Macro Recall]
[0.2878984497154838, 0.5078070421916282, 0.6685533626388696, 0.7807858864632933, 0.8616003616702961, 0.8673050466633742, 0.8700386762150444, 0.8745669544445928, 0.8778046660934881, 0.8802269192818025]

[Macro Precision]
[0.13888888888888778, 0.1284188034188032, 0.11943019943019899, 0.10965811965811938, 0.10147008547008649, 0.08527065527065482, 0.07346764346764408, 0.06467948717948717, 0.057806267806268574, 0.052247863247863714]

[Macro NDCG]
[0.21689207016035023, 0.3073980745629729, 0.36844633250667924, 0.4093298974519217, 0.43908942177193144, 0.440873239553838, 0.44179724416081856, 0.44310176668678053, 0.444076345376404, 0.44481657664835045]

[Micro Recall]
[0.22114861186717474, 0.4089548176374524, 0.5704953728905825, 0.698421339139902, 0.8078388677191073, 0.8146434403919434, 0.8188622754491018, 0.8238976592270005, 0.8283886771910725, 0.8319270549809472]

[Micro Precision]
[0.1388888888888889, 0.1284188034188034, 0.11943019943019943, 0.10965811965811965, 0.10147008547008547, 0.08527065527065528, 0.07346764346764346, 0.06467948717948718, 0.057806267806267804, 0.05224786324786325]

[Micro NDCG]
[0.20625477936761266, 0.29317114885106627, 0.35845988158796277, 0.40573946170103353, 0.44399339784833464, 0.44626723339803664, 0.44762493724138014, 0.44919312985598525, 0.4505523619084539, 0.4515970043175508]

