===== Tracker Values =====

[Train Loss Tracker]
[1.2146746213397672, 0.7894787980664161, 0.4682101644575596, 0.3227114845668116, 0.2543692978159074, 0.21310819661425007, 0.18525827582174492, 0.20205816290070933, 0.1673812577801366, 0.14978599217870542, 0.14526380310135503, 0.13367413777497508, 0.13549192514150374, 0.12577338396541535, 0.12023136776781851, 0.11173106946291463, 0.11952832701706118, 0.1051555996940982, 0.09862044465637976, 0.09873477561819938, 0.0952141409920108, 0.088153472771087, 0.09129496411450448, 0.08447298091355591, 0.07924621101588972, 0.08323205274439627, 0.07808994840654064, 0.07947056343959223, 0.07982910700863408, 0.07431519283883033, 0.07594575636809872, 0.06883639511333088, 0.06603209850107951, 0.0699420703665143]

[Val Loss Tracker]
[0.704635273326527, 0.42175463925708423, 0.28504160859368066, 0.23959258605133404, 0.21380771357904782, 0.2002910836176439, 0.1900912035595287, 0.1824619946154681, 0.17820446735078638, 0.17343224110928449, 0.17170258611440659, 0.16623227365992285, 0.16637956554239447, 0.16043178669430994, 0.1580526903271675, 0.15902445600791412, 0.15309247239069504, 0.15235046500509436, 0.14931258288296786, 0.14862556891007858, 0.14647754959084772, 0.1461693441325968, 0.14083219455047088, 0.14705242826180023, 0.14609055424278433, 0.13618313724344427, 0.14422871375625784, 0.14692210947925394, 0.13439608229832214, 0.14463972571221265, 0.1477805795994672, 0.1365416178649122, 0.13647464798255401, 0.14071780375458978]

[Macro Recall]
[0.25096677455145244, 0.4687405944079278, 0.6357255828529575, 0.7579548980940907, 0.8592335933176584, 0.8647666238510989, 0.8680757592350836, 0.8718251916301203, 0.8752166354233721, 0.8784332149976815]

[Macro Precision]
[0.12470085470085367, 0.12119658119658092, 0.1131339031339029, 0.10615384615384589, 0.10070085470085566, 0.0845726495726491, 0.07286935286935348, 0.06410256410256407, 0.05725546058879467, 0.05185470085470133]

[Macro NDCG]
[0.1878082645997612, 0.27833347743999515, 0.3396141301024993, 0.3836627483957347, 0.4194568911816028, 0.4211715161829896, 0.4221975797775805, 0.4233005908734981, 0.42424635577864933, 0.4252494193693166]

[Micro Recall]
[0.19855743059335873, 0.3859553620032662, 0.5404191616766467, 0.6761023407729995, 0.8017147523135547, 0.807974959172564, 0.8121937942297224, 0.8165487207403375, 0.8204953728905825, 0.8256668481219379]

[Micro Precision]
[0.12470085470085471, 0.1211965811965812, 0.11313390313390313, 0.10615384615384615, 0.1007008547008547, 0.08457264957264957, 0.07286935286935287, 0.0641025641025641, 0.057255460588793924, 0.051854700854700855]

[Micro NDCG]
[0.18220086992597778, 0.2698141387744814, 0.33224550338449715, 0.382466802236339, 0.42637948595387926, 0.42847990140571723, 0.4298378071179621, 0.4311959476089558, 0.4323897098839426, 0.4339162862676379]

