===== Tracker Values =====

[Train Loss Tracker]
[0.9021924993684215, 0.45642188575959974, 0.38737788796424866, 0.3669915516530314, 0.3394005577410421, 0.3272759457749705, 0.3177856937531502, 0.314580524160016, 0.30056545234495596, 0.2969605317038874, 0.2879790240718472, 0.28075280497151034, 0.2855281724083808, 0.2658971966274323, 0.2654596124925921, 0.2561278881565217, 0.25507980537030006, 0.2500222825234936, 0.24943365445060114, 0.23210741867942195, 0.23985739773319614, 0.23862687330092153, 0.23180385654972446, 0.22987606160102353]

[Val Loss Tracker]
[0.6205771673809398, 0.49171036210927094, 0.45767201618714765, 0.44988015023144806, 0.4488785781643607, 0.439825794913552, 0.43969145959073846, 0.415013768456199, 0.42638216506351123, 0.4361556280742992, 0.4158139228820801, 0.411564285104925, 0.4221480868079446, 0.41415186632763257, 0.4023914770646529, 0.40511089021509344, 0.4050590585578572, 0.3924087719483809, 0.3890764523636211, 0.39685875990174035, 0.4139674576846036, 0.4054254022511569, 0.3919688111001795, 0.39723753929138184]

[Macro Recall]
[0.020687027265840954, 0.039251004098862, 0.06307058349764239, 0.08732829489784913, 0.11068370413358396, 0.1308775366750609, 0.15038763065678598, 0.16737105629973914, 0.18535705354999057, 0.20169544510871315]

[Macro Precision]
[0.03131147540983608, 0.03147540983606566, 0.03251366120218584, 0.033278688524590164, 0.03354098360655721, 0.03355191256830607, 0.033185011709601926, 0.03266393442622944, 0.032459016393442695, 0.03218032786885241]

[Macro NDCG]
[0.03318196786900119, 0.0399034274206765, 0.049048746749726514, 0.05816289101764153, 0.06671959297847008, 0.07424722654597012, 0.08120768146248392, 0.08720569319912196, 0.093680455972769, 0.09952197875470427]

[Micro Recall]
[0.00935494930695009, 0.01880785619826615, 0.029142381348875937, 0.039770779252583634, 0.05010530440319342, 0.060145956800705294, 0.06940294852328942, 0.07807219473967772, 0.08728020767007885, 0.0961453690551991]

[Micro Precision]
[0.031311475409836066, 0.031475409836065574, 0.032513661202185795, 0.033278688524590164, 0.03354098360655738, 0.03355191256830601, 0.03318501170960187, 0.03266393442622951, 0.032459016393442626, 0.03218032786885246]

[Micro NDCG]
[0.033741786173277936, 0.040385183310305335, 0.047508889263004, 0.05440758220184305, 0.060597743091019375, 0.06631634989798327, 0.07127038638609613, 0.07564274967330625, 0.08036462365684796, 0.08487364235412842]

