===== Tracker Values =====

[Train Loss Tracker]
[1.150953967725077, 0.6425301173040944, 0.38849366384167827, 0.24183164585021236, 0.17484981110019068, 0.14403265546406469, 0.12633547307022155, 0.1212030935191339, 0.10693458347551284, 0.10035393191801925, 0.09806949044427564, 0.09294214784618347, 0.09161718333921125, 0.09252884743675109, 0.0856262530770994, 0.08211342204782751, 0.08235448935339527, 0.07984734927454303, 0.07844271438737069, 0.08783788762746318, 0.07615826026566568, 0.08085984015657056, 0.07430398524288208, 0.07477568738883542, 0.07559591315446361, 0.07066639500760263, 0.06947568446517952, 0.06894916121757799, 0.0706518419807957, 0.06756917657631059, 0.06780893884358867, 0.06907726367635111, 0.0664207058087472, 0.06474868765461349, 0.06421273814574364, 0.06363910448647314, 0.06269536012851243, 0.06377324774380654, 0.06333245529282477, 0.06792571179328426, 0.061838517506276405, 0.06620932947243413, 0.06038481833773755, 0.05993624100641858, 0.05925034504053333, 0.05883989594275913, 0.06348420174852494, 0.05923525418245023, 0.05712639672621604, 0.056180949217729995, 0.055895853487233964, 0.05609770179275544, 0.057122315009755474, 0.05415666710224844, 0.054577836105900425, 0.052521626836800527, 0.0519776790733299, 0.05136775624968352, 0.05059585044340741, 0.054165839067389886, 0.05067531524165984, 0.050958612633328286, 0.04920433915310329, 0.04853797673938736, 0.047863584973158374, 0.05160733384470786, 0.04969841782604494, 0.05183927486500432, 0.046934521967364896, 0.046498763254813606, 0.04599360376784217, 0.04772468343857796, 0.04611997044975719, 0.04572587859846892, 0.044920982454993555, 0.04686807384414057, 0.04473096027129119, 0.04467533730090626, 0.04560904793681637, 0.044625749691359455, 0.0439458908588295, 0.04368479744411043, 0.04646109152705439, 0.043843399583091656, 0.05147678753541362, 0.04442509468044004, 0.04299409532423822, 0.04308804274807053, 0.047451190890804414, 0.04310651294766895, 0.04298038152797568, 0.04265359221326728, 0.04683000846735893, 0.0430359865178264, 0.04845367215814129, 0.04378247345166822, 0.04302515299810517]

[Val Loss Tracker]
[0.6562054536559365, 0.45508239486000757, 0.2808533581820401, 0.16957922279834747, 0.12627909197048706, 0.11026188460263339, 0.10260750691999089, 0.0973853197964755, 0.09586333483457565, 0.0937705554745414, 0.09102690897204659, 0.09007429331541061, 0.08807453987273303, 0.0874540013345805, 0.08615990524942224, 0.08441513099453667, 0.08449370888146487, 0.08440279215574265, 0.08375035700472919, 0.08289195800369437, 0.08271028236909346, 0.08202023939652876, 0.08239818296649239, 0.08114211193539879, 0.08075622469186783, 0.08029444109309804, 0.07973313128406351, 0.07923287762836977, 0.07922567359425804, 0.07896480709314346, 0.07910686799071052, 0.0775866684588519, 0.07750197161327708, 0.07754795930602333, 0.07688900489698756, 0.07664030722596428, 0.0763240483674136, 0.07598696378144351, 0.07555969939990477, 0.074984687295827, 0.07445306466384367, 0.07481277327645909, 0.07362751933661374, 0.07319445840337059, 0.07321303473277525, 0.07239484854719856, 0.07179804349487479, 0.07140775837681511, 0.07076440074227074, 0.07035305418751457, 0.06944333152337508, 0.06816940415989269, 0.06818357787349007, 0.06759726662527431, 0.06703109497373755, 0.06663109903985803, 0.0654890239238739, 0.06470106914639473, 0.06460320272228935, 0.06431679021228444, 0.06323985789309848, 0.06311115859584375, 0.06328654221513054, 0.06292325766249136, 0.06259151819077405, 0.06192852116443894, 0.06214128028262745, 0.062107405879280785, 0.06215377490628849, 0.06138621507720514, 0.06131814183159308, 0.0609320808540691, 0.060635330324823204, 0.06073998287320137, 0.0606491511518305, 0.06020210514014417, 0.06085634502497586, 0.05999437617984685, 0.060076049105687576, 0.06030706824226813, 0.06011320040984587, 0.05992209234020927, 0.059249704534357246, 0.0604118982499296, 0.05964689667929302, 0.05912196737798778, 0.059482013298706574, 0.059422126547856766, 0.059250971471721474, 0.058725450187921524, 0.05904106253927404, 0.05857434225353328, 0.05928172204982151, 0.058736491948366165, 0.058774157681248405, 0.05910303714600476, 0.05908306417140094]

[Macro Recall]
[0.02294987019177083, 0.045950777763711294, 0.07060514498955292, 0.09550733053986592, 0.11880454231009104, 0.14169088921482415, 0.16437217480747932, 0.18526938001178536, 0.20404548492620844, 0.2211908200992783]

[Macro Precision]
[0.03639204877539318, 0.036659365944616384, 0.037376825949579, 0.037883057197868476, 0.03786453879332029, 0.03781240835647897, 0.03772771177730181, 0.03750453731672291, 0.037091906383951295, 0.03661014759357404]

[Macro NDCG]
[0.038841273275687635, 0.04691161367703168, 0.05648532856991845, 0.06618535605323703, 0.07512076561048435, 0.08377004678719108, 0.0921784013623748, 0.09986266665320798, 0.1067231384025007, 0.11297439003166482]

[Micro Recall]
[0.011680693227184468, 0.023532987117312255, 0.03599032638288117, 0.04863703853195139, 0.060766579062783925, 0.07281950157609976, 0.08476579076606762, 0.09630213406849769, 0.10714792786769095, 0.11750696029271242]

[Micro Precision]
[0.036392048775385905, 0.03665936594459244, 0.03737682594955529, 0.03788305719787623, 0.037864538793289076, 0.037812408356455704, 0.03772771177733618, 0.03750453731673854, 0.037091906383961926, 0.03661014759353025]

[Micro NDCG]
[0.039707807757955245, 0.04750797764796046, 0.055566631506374406, 0.06328291342643076, 0.07020853236972027, 0.07686582179520052, 0.08329310561232411, 0.08932763611131417, 0.09483597874000697, 0.09998468351275606]

