===== Tracker Values =====

[Train Loss Tracker]
[0.2896275708992635, 0.13997544444376422, 0.11044016095899767, 0.09496133651344045, 0.08460824122472156, 0.0781860637869085, 0.07317212172934125, 0.06895128579720133, 0.06558165090128538, 0.06273986349603342, 0.06106870089687647, 0.05922949722697658, 0.0577080373862578, 0.05577068857007449, 0.05467160827209873, 0.05282785156891952, 0.05573594269733275, 0.061107938808779565, 0.05337650088533279, 0.052944647809190136, 0.051236348016367804, 0.0512665614726082, 0.049271738577273586, 0.05214452346967113, 0.052077447815287496, 0.051853863041727774, 0.04714444194330774, 0.04539239534267014, 0.04626670467757409, 0.045398244754441326, 0.04387181896656271, 0.04661606480517695, 0.043878208214957866, 0.042752868961542845, 0.041960785405770425, 0.045236590408509775, 0.045462198566735515, 0.04267256887209031, 0.04168142272429841, 0.04961720745890371, 0.04355701026056082, 0.04629447527470127, 0.055287824883576364, 0.05523510179632614, 0.04616990237827263]

[Val Loss Tracker]
[0.5919900265606967, 0.11374132809313861, 0.10808845338496295, 0.1007999987764792, 0.09201673621481116, 0.08637930317358537, 0.0808551467277787, 0.07801895453171297, 0.0746421908790415, 0.07254913584752516, 0.07143415984782306, 0.07014024664055217, 0.06888747824863954, 0.06781206415458159, 0.06621465628797357, 0.0642150267958641, 0.06567557935010303, 0.07188437675887888, 0.06562522595578973, 0.0635889782146974, 0.06438049877231772, 0.06253608993508598, 0.06392261995510622, 0.06204317408529195, 0.06429300660436804, 0.06282221322709863, 0.06059078465808521, 0.05961621518839489, 0.059552952985871925, 0.058537898415868934, 0.058769044212319634, 0.05791994793848558, 0.05758495290171017, 0.057434715669263496, 0.05716212059963833, 0.05785758149894801, 0.05872285332192074, 0.0574171089313247, 0.057113474065607246, 0.05663365294987505, 0.05869392745874145, 0.05822351270101287, 0.0600864670493386, 0.067295603454113, 0.06117126447233287]

[Macro Recall]
[0.029663296796583402, 0.05856345880339775, 0.08701338078835642, 0.11544307112356764, 0.1399673501021166, 0.16099891712090014, 0.18167075476602026, 0.20042200761090292, 0.2189179368075354, 0.2370359554824937]

[Macro Precision]
[0.03979918912767875, 0.04029260309709497, 0.04062195589629006, 0.040785863259104604, 0.040386979285265315, 0.03969501028460886, 0.039139223773833554, 0.03849228809960311, 0.03793716320462499, 0.037451904442616445]

[Macro NDCG]
[0.043214603485509935, 0.054205749316321925, 0.06551404136998355, 0.07659645803840967, 0.08607068631133111, 0.09419432018412303, 0.10203307698459065, 0.1090767584363279, 0.11589618667145507, 0.12247932665650327]

[Micro Recall]
[0.012774277198853178, 0.025865294861873313, 0.03911507769521155, 0.05236387318296323, 0.06481469596766087, 0.07644503456993103, 0.08793714479008341, 0.09883842741124109, 0.10958963350324234, 0.12020873275576249]

[Micro Precision]
[0.03979918912766625, 0.04029260309706474, 0.04062195589625592, 0.040785863259116165, 0.0403869792852265, 0.03969501028458461, 0.0391392237738698, 0.038492288099617945, 0.03793716320463418, 0.03745190444257141]

[Micro NDCG]
[0.04304072647123177, 0.05180478336027149, 0.06022036416255348, 0.06817928438596825, 0.07513471004284221, 0.08130907125735255, 0.08730374986839337, 0.09283651143445498, 0.0982283306052039, 0.10349292004585196]

