===== Tracker Values =====

[Train Loss Tracker]
[0.2747516704182471, 0.19282719589048816, 0.16522974100324414, 0.22476584103799635, 0.1605984340271642, 0.15253033729330187, 0.14705485527894868, 0.14693771326734173, 0.1904944666931706, 0.1420152055159692, 0.13979487361446505, 0.14291521095700802, 0.13270864010818542, 0.13944784359585854, 0.13434345058856473, 0.14034732503275718, 0.16539555715937768, 0.1360174453546924, 0.11944009387685407, 0.12988500729683908, 0.12191597372293472, 0.12236202171733303, 0.12096059887159255, 0.12383215494393822]

[Val Loss Tracker]
[0.17929863929748535, 0.15903414447199216, 0.1789061352610588, 0.17787892506881195, 0.17080473764376206, 0.15470654246481982, 0.14953496781262485, 0.1527011435140263, 0.15740776603872125, 0.15439953722737051, 0.1747996278784492, 0.16493740339170804, 0.18398306247862903, 0.1594250960783525, 0.15291274880821054, 0.17670496688647705, 0.15434541350061243, 0.15681992335753006, 0.13347072086550973, 0.148807901550423, 0.13506987081332641, 0.14411579343405637, 0.14641435579820114, 0.14007808877663178]

[Macro Recall]
[0.29128151068621855, 0.5282545663582084, 0.6696752040580721, 0.7838312072498229, 0.866072561068275, 0.8742754003432451, 0.8785964619693204, 0.8821877165184684, 0.8861072838792122, 0.8898523472194539]

[Macro Precision]
[0.14128205128205026, 0.13294871794871785, 0.11982905982905948, 0.1104487179487178, 0.10206837606837708, 0.08601139601139551, 0.07416361416361478, 0.06524572649572646, 0.058290598290599085, 0.05269230769230816]

[Macro NDCG]
[0.23190717635912275, 0.32899085958211177, 0.3835351058302101, 0.42519489355728113, 0.45508196424895975, 0.45763776256095634, 0.45891734591368666, 0.45999643786043426, 0.46108891756367554, 0.46205335156297744]

[Micro Recall]
[0.22495917256396297, 0.423380511703865, 0.5724006532389766, 0.7034567229178008, 0.8126020685900925, 0.821720195971693, 0.826619488296135, 0.8311105062602069, 0.8353293413173652, 0.8390038105606968]

[Micro Precision]
[0.1412820512820513, 0.13294871794871796, 0.11982905982905982, 0.11044871794871795, 0.10206837606837607, 0.08601139601139601, 0.07416361416361417, 0.06524572649572649, 0.05829059829059829, 0.05269230769230769]

[Micro NDCG]
[0.21682296175115434, 0.3086199552725249, 0.368421723501067, 0.4167864129401193, 0.45485216432992187, 0.4579126285149147, 0.45948724352845205, 0.4608867006067753, 0.46216512512790625, 0.4632505408002418]

