===== Tracker Values =====

[Train Loss Tracker]
[0.9738100382589525, 0.48578365579728155, 0.401156414420374, 0.3699784105823886, 0.3341337601023336, 0.32256469707335195, 0.31945811933086765, 0.3081041959024245, 0.30732305876670346, 0.29229057219720656, 0.27883409973113765, 0.2724144242463573, 0.2613210125315574, 0.2615112801713328, 0.25087286339652154, 0.2692238611559714, 0.2524777400878168, 0.23994440417135915, 0.2505317296712629, 0.2360170647021263, 0.24063365017214128]

[Val Loss Tracker]
[0.6045181534507058, 0.48114755207842047, 0.45859097079797223, 0.4608044055375186, 0.4582620588215915, 0.43894765322858637, 0.43058794195001776, 0.43769177523526276, 0.412914977832274, 0.4289959587834098, 0.43569194999608124, 0.41673874855041504, 0.41882038658315485, 0.40756202827800403, 0.41532223333011975, 0.4033728241920471, 0.42041596499356354, 0.42048468914898957, 0.4096144139766693, 0.42083593932065094, 0.4148939983411269]

[Macro Recall]
[0.020524343563368887, 0.04119026690653646, 0.06846486595721761, 0.09962618932548548, 0.12514580815142304, 0.1501260195092748, 0.17013669793409236, 0.18832310971667005, 0.20583152289976545, 0.22068249682512958]

[Macro Precision]
[0.03393442622950819, 0.03245901639344269, 0.03360655737704922, 0.035409836065573796, 0.03570491803278673, 0.035874316939890766, 0.035526932084309217, 0.03489754098360649, 0.034389799635701365, 0.03393442622950819]

[Macro NDCG]
[0.03377148553247826, 0.04049380421722559, 0.050877925403025895, 0.06286814237243414, 0.07246278644213781, 0.08165840436674424, 0.08907073936629381, 0.0955545982140939, 0.10185491046851555, 0.10735336638394243]

[Micro Recall]
[0.010138609981877846, 0.019395601704461966, 0.03012195719253563, 0.04231767644609884, 0.05333790468727041, 0.064309154136259, 0.07430082774158789, 0.08341088308762305, 0.09247195964147524, 0.10138609981877847]

[Micro Precision]
[0.033934426229508194, 0.032459016393442626, 0.03360655737704918, 0.03540983606557377, 0.035704918032786886, 0.03587431693989071, 0.03552693208430913, 0.034897540983606555, 0.034389799635701275, 0.033934426229508194]

[Micro NDCG]
[0.034983195086894674, 0.041147423105890424, 0.048591974012392715, 0.05695993075800509, 0.06362719001205028, 0.0699744847671184, 0.07537271885123363, 0.07994583519095821, 0.08448954648173404, 0.08897266375641108]

