===== Tracker Values =====

[Train Loss Tracker]
[1.25682359357034, 0.930443371495893, 0.8034312513566786, 0.7111244278569375, 0.6273557236117702, 0.5472599527528209, 0.49066145862302474, 0.4352392025532261, 0.4078833470421453, 0.3696625886424895, 0.3486732167582358, 0.3276032757374548, 0.3098648998045152, 0.2906038987059747, 0.28087958020548665, 0.26941510794624207, 0.24839177535426232, 0.24569119801444392, 0.23134814827672898, 0.22757783748449817, 0.22309714940286451, 0.2173204739247599, 0.21620492012270034, 0.2037271752713188, 0.20017013314270204, 0.19382544751128844, 0.19153425914625968, 0.18578671688033688, 0.18403752027980744, 0.17823594928749145, 0.17424502103559433, 0.17391100694094935, 0.18074063620259684, 0.18419258777172334, 0.17202050503223174, 0.16613186415164702, 0.15963639439113678, 0.16351029084574792, 0.15893762246254953, 0.14939865734307997, 0.15610944215328462, 0.15240790286371786, 0.15443737708753155, 0.15696016050154163, 0.15776295046652516, 0.1439417254540228, 0.14494740650538476, 0.14431838883507636]

[Val Loss Tracker]
[0.8602432987906716, 0.7710939158092845, 0.7290442369200967, 0.683270887895064, 0.6447074304927479, 0.6073311513120477, 0.585437457669865, 0.5544350824572823, 0.5471386909484863, 0.5405408414927396, 0.5257683450525458, 0.5072696073488756, 0.5096879601478577, 0.49811265685341577, 0.4902042963288047, 0.4988722855394537, 0.49168694561178033, 0.48296885056929156, 0.461939199404283, 0.4808331700888547, 0.47308665243062104, 0.48141776702620764, 0.46373833038590173, 0.45397354797883466, 0.45926921476017346, 0.46058255434036255, 0.4538178416815671, 0.4490679475394162, 0.4474424584345384, 0.45119228146292945, 0.44941734183918347, 0.43727873401208356, 0.45770926638083026, 0.45290654084899207, 0.42522406578063965, 0.429452121257782, 0.43718201463872736, 0.4352715557271784, 0.42744976553049957, 0.4248688437721946, 0.4380683086135171, 0.41281370141289453, 0.4078136682510376, 0.43944423307072034, 0.4352825229818171, 0.4188067533753135, 0.4276298094879497, 0.4348435483195565]

[Macro Recall]
[0.020100677737406543, 0.043846764983460816, 0.063268210013965, 0.08205546745502319, 0.10202045541075587, 0.12246906740399605, 0.1388380732834719, 0.15705135079009463, 0.179572020013145, 0.19520840769653788]

[Macro Precision]
[0.03114754098360655, 0.03221311475409845, 0.03153005464480876, 0.03081967213114758, 0.030950819672130984, 0.03122950819672138, 0.030468384074941464, 0.03077868852459017, 0.03132969034608383, 0.03140983606557369]

[Macro NDCG]
[0.032316224776189645, 0.04108481521866498, 0.04885701794378502, 0.05594257177614462, 0.06351730872110584, 0.07123330926328399, 0.07712496837009424, 0.08396796409505458, 0.09190452805927446, 0.09780331295851066]

[Micro Recall]
[0.009305970514767106, 0.019248665327913014, 0.02826076308958221, 0.036832051721604545, 0.04623597982073762, 0.05598275946515159, 0.06372140863006319, 0.07356614585884312, 0.0842435225547338, 0.09384336582259882]

[Micro Precision]
[0.03114754098360656, 0.03221311475409836, 0.03153005464480874, 0.03081967213114754, 0.030950819672131147, 0.031229508196721312, 0.030468384074941453, 0.030778688524590165, 0.03132969034608379, 0.03140983606557377]

[Micro NDCG]
[0.03323953117559166, 0.0406839813863259, 0.04623269229615216, 0.05124999461447983, 0.0568168633371614, 0.06244818447456801, 0.06638112183101766, 0.07168278436170748, 0.07745492931103368, 0.08248395148304573]

