===== Tracker Values =====

[Train Loss Tracker]
[0.6338011122518971, 0.3370753180596136, 0.2750795263676874, 0.255523074538477, 0.22020182253852968, 0.22252360274714808, 0.1911917165402443, 0.18267505495778977, 0.18503383811443083, 0.17382296198798763, 0.16495858397214644, 0.16781595493516616, 0.15954156940983188, 0.15493235857255996, 0.14401002423537354, 0.1484990925077469, 0.1510917111750572, 0.1432095266157581, 0.14094073421532108, 0.14008713705885795, 0.13711456906410954, 0.1380892403183445, 0.13902952149510384, 0.13355858912391047, 0.12936229330878105, 0.12812777969145006, 0.1285186179222599]

[Val Loss Tracker]
[0.5676881454207681, 0.5802734548395331, 0.5372218814763156, 0.5063896070827137, 0.46807648918845435, 0.44352322816848755, 0.4752856194972992, 0.4547803754156286, 0.4620428816838698, 0.4518132914196361, 0.4354247965595939, 0.43752852895043115, 0.48582933165810327, 0.4519259902563962, 0.4261514056812633, 0.4313858910040422, 0.4215442321517251, 0.41668026555668225, 0.41620589928193524, 0.4219493865966797, 0.4191577678376978, 0.39935838363387366, 0.4037300402467901, 0.4371408359570937, 0.41783488338643854, 0.4093784852461381, 0.41512826085090637]

[Macro Recall]
[0.023924410811389036, 0.04888340276253452, 0.07191444615662682, 0.0968757018215475, 0.12051253140128855, 0.1445949357027357, 0.1620836303798584, 0.18214958350120325, 0.19670481124299619, 0.20991909839960946]

[Macro Precision]
[0.03295081967213115, 0.032950819672131225, 0.03316939890710386, 0.033483606557377046, 0.03354098360655722, 0.034016393442623034, 0.03351288056206094, 0.03319672131147537, 0.03265938069216763, 0.031786885245901564]

[Macro NDCG]
[0.036223245865522065, 0.045234301365771466, 0.05456124314032378, 0.06412057335583168, 0.07308009601093537, 0.08215484267637348, 0.08879971625175871, 0.09601127631770315, 0.10156959598934151, 0.10632145809866139]

[Micro Recall]
[0.009844737228779939, 0.019689474457559877, 0.029730126855071756, 0.040015673213498554, 0.05010530440319342, 0.060978596267816036, 0.07008865161385121, 0.07934564333643532, 0.08781897438409168, 0.09496987804280746]

[Micro Precision]
[0.03295081967213115, 0.03295081967213115, 0.033169398907103825, 0.033483606557377046, 0.03354098360655738, 0.03401639344262295, 0.03351288056206089, 0.033196721311475406, 0.032659380692167575, 0.03178688524590164]

[Micro NDCG]
[0.0368336337710996, 0.04337718467903504, 0.049813344519751564, 0.05620675584808845, 0.06210662600626624, 0.06843467342713587, 0.07321548381743075, 0.07795131388060103, 0.08213849547958453, 0.08552106307172067]

