===== Tracker Values =====

[Train Loss Tracker]
[0.5245202872301301, 0.2761757287286943, 0.23571616828708247, 0.2110158435760006, 0.22257168254544657, 0.2154736941860568, 0.24283949550121062, 0.18586698775329896, 0.17946447335904644, 0.19797291606664658, 0.19012145698070526, 0.18502418372419574, 0.19112417294133094, 0.17195585970917054, 0.1542464277196315, 0.16369386846500059, 0.154362587678817, 0.15105765192739426, 0.1537145653799657, 0.20973068980440016, 0.15701395082437702, 0.16697411527556758, 0.156459673758476, 0.16286912488360558, 0.15470891373772774]

[Val Loss Tracker]
[0.1796224361116236, 0.1906141902912747, 0.19494032927534796, 0.1665362139994448, 0.16980057277462698, 0.16414610702883115, 0.18293718858198685, 0.16725632819262418, 0.17637976394458252, 0.18063428117470307, 0.16412114690650592, 0.16802392425862225, 0.1720327226953073, 0.15729592605070633, 0.14592922682111914, 0.15322838384996762, 0.16469119421460413, 0.14943425899202173, 0.180744391950694, 0.1607640873302113, 0.20055370845577933, 0.17945715310898694, 0.18617012013088574, 0.17228887975215912, 0.17028048160401257]

[Macro Recall]
[0.31104951055386776, 0.5254287352848961, 0.6738329696673193, 0.7849703692911318, 0.8607169637520307, 0.8727434570933, 0.8797956198190694, 0.8849737301043666, 0.8876450001828526, 0.8898678506039718]

[Macro Precision]
[0.14683760683760586, 0.13247863247863229, 0.11985754985754948, 0.1100641025641024, 0.10107692307692406, 0.0856837606837602, 0.07405372405372465, 0.06532051282051277, 0.058347578347579136, 0.0527264957264962]

[Macro NDCG]
[0.24166370360718348, 0.3310916713027224, 0.38764606658997774, 0.42830596378082636, 0.45628918553209646, 0.46007784621253883, 0.46206745500327867, 0.4636224721775466, 0.4644522650505564, 0.46512998696969804]

[Micro Recall]
[0.23380511703864998, 0.42188350571584105, 0.5725367446924333, 0.7010070767555797, 0.8047087642896026, 0.8185900925421884, 0.8253946652150245, 0.8320631464344039, 0.8361458900381056, 0.8395481763745237]

[Micro Precision]
[0.14683760683760683, 0.13247863247863248, 0.11985754985754986, 0.11006410256410257, 0.10107692307692308, 0.08568376068376068, 0.07405372405372405, 0.06532051282051282, 0.058347578347578345, 0.05272649572649573]

[Micro NDCG]
[0.22476092216206134, 0.31150264600773936, 0.3720622560932173, 0.4193733293473255, 0.45557258299643805, 0.4602233739972302, 0.4624119401957766, 0.46448887547840556, 0.4657240757959319, 0.466730151071597]

