===== Tracker Values =====

[Train Loss Tracker]
[0.2878269952151083, 0.19308613577196676, 0.1633596518828023, 0.16063033020304096, 0.15109962861864798, 0.148826424633303, 0.14106348373236194, 0.12656306362097172, 0.13126135881870024, 0.12395170505248732, 0.14055164663061018, 0.14188312210382953, 0.1350924629838236, 0.13755080488420302, 0.1348790463901335, 0.12614123354996404, 0.12207628008458883, 0.11854976175292846, 0.11418618406018903, 0.12085415795445442, 0.12021462174673234, 0.1166960684762847, 0.11302030574147319, 0.115385235935331, 0.10712295207345197, 0.10604067639477792, 0.10490335764423493, 0.10541493541771366, 0.10572152104108565]

[Val Loss Tracker]
[0.20522200587120923, 0.16685566102916544, 0.1667829914526506, 0.14678731831637296, 0.15061622722582382, 0.15759660642255435, 0.16610949757424268, 0.1511852118101987, 0.14045695757324045, 0.1577721109444445, 0.14848402616652576, 0.15194368226961655, 0.15935416519641876, 0.15346157347614114, 0.14605033194476907, 0.1739871711893515, 0.15533007884567435, 0.1450564597140659, 0.15534840388731522, 0.16136552054773678, 0.13333067839795892, 0.15481385656378485, 0.14233902570876208, 0.13136521794579245, 0.16532706604762512, 0.1561999409036203, 0.13761486113071442, 0.16079553352160889, 0.13505199957977643]

[Macro Recall]
[0.2939475346052421, 0.5244474290263178, 0.6642219307689468, 0.7763446364461422, 0.8635863152927559, 0.8745937560431307, 0.8813494192173785, 0.8845892191374444, 0.888822972026267, 0.8920591064927622]

[Macro Precision]
[0.13940170940170848, 0.13264957264957236, 0.11863247863247824, 0.10993589743589727, 0.10201709401709502, 0.08596866096866046, 0.07423687423687483, 0.06526709401709399, 0.05835707502374249, 0.052777777777778256]

[Macro NDCG]
[0.22755500397604858, 0.32358277265262225, 0.37709207721419935, 0.41860716025378586, 0.44989261065609365, 0.4529368304557335, 0.45481182803653425, 0.4557527097439701, 0.45692845139222127, 0.45785602284294996]

[Micro Recall]
[0.22196516058791507, 0.42242787152966793, 0.5666848121937942, 0.7001905280348394, 0.8121937942297224, 0.8213119216113228, 0.8274360370168753, 0.8313826891671203, 0.8362819814915623, 0.840364725095264]

[Micro Precision]
[0.1394017094017094, 0.13264957264957264, 0.11863247863247864, 0.10993589743589743, 0.10201709401709402, 0.08596866096866097, 0.07423687423687424, 0.06526709401709402, 0.05835707502374169, 0.05277777777777778]

[Micro NDCG]
[0.21259664429797767, 0.3058607561929518, 0.363743387182149, 0.4130100600388178, 0.4521462756785798, 0.45519808862146816, 0.4571699359223499, 0.4583976475840513, 0.45988019526815344, 0.46108652213197804]

