===== Tracker Values =====

[Train Loss Tracker]
[0.4093377725499346, 0.24991543639090755, 0.21856589615345, 0.2051890911234002, 0.19794313201019842, 0.1842799638548205, 0.1915998768902594, 0.17194915971448343, 0.17299708243339293, 0.20549827814102173, 0.16434005048358813, 0.1756383985761673, 0.16375772414668913, 0.17168940099016314, 0.16830677515076053, 0.17091744897827024, 0.16844986835795064, 0.16818769420346907, 0.14827045417190135, 0.16629881604063895, 0.15715728531922063, 0.15786147838638676, 0.14600466215802776, 0.14478673641720124]

[Val Loss Tracker]
[0.16600531068715182, 0.18196516687219794, 0.16379951414736835, 0.16010080142454666, 0.1765267693183639, 0.16861799630251798, 0.16956540603529324, 0.16080139509656213, 0.1685680692846125, 0.16153886914253235, 0.17720260538838126, 0.17614005573771216, 0.17025841027498245, 0.15730027651244943, 0.17520068924535404, 0.17297254638238388, 0.1652445061640306, 0.1660698503255844, 0.17039576308293777, 0.17555513842539353, 0.17904664779251273, 0.19450045173818414, 0.19450739567930048, 0.1977259780872952]

[Macro Recall]
[0.30963020107004213, 0.5227987294839913, 0.6692432196556679, 0.7819502038773493, 0.8575990511986343, 0.8673433873938915, 0.8735089450223347, 0.8784194274822165, 0.8821933860730841, 0.8836892829257256]

[Macro Precision]
[0.14649572649572548, 0.1319230769230767, 0.11903133903133863, 0.10980769230769213, 0.10080341880341977, 0.0850854700854696, 0.0734920634920641, 0.06469017094017089, 0.05771130104463511, 0.05205982905982953]

[Macro NDCG]
[0.24092834592179077, 0.3297330230496298, 0.38548137407954686, 0.4268213639308437, 0.4547475107135008, 0.457715899110039, 0.45950075046134614, 0.46083749909036087, 0.46177339403560375, 0.4622091628647109]

[Micro Recall]
[0.2332607512248231, 0.42011431682090367, 0.5685900925421884, 0.6993739793140991, 0.802531301034295, 0.812874251497006, 0.8191344583560153, 0.8240337506804573, 0.8270277626565051, 0.8289330430048993]

[Micro Precision]
[0.1464957264957265, 0.13192307692307692, 0.11903133903133903, 0.10980769230769231, 0.10080341880341881, 0.08508547008547009, 0.0734920634920635, 0.06469017094017095, 0.05771130104463438, 0.05205982905982906]

[Micro NDCG]
[0.22440922921107928, 0.31057167834465865, 0.3702448801265971, 0.41845980396929666, 0.4544756178671001, 0.457953130510574, 0.4599699439956192, 0.4614937215360845, 0.4624012065468233, 0.4629642486782713]

