===== Tracker Values =====

[Train Loss Tracker]
[0.9546527766412304, 0.46427140985765764, 0.3989035487174988, 0.3738931975057048, 0.35830903533966313, 0.327725857015579, 0.3256166192793077, 0.30357159205502077, 0.30537160269675717, 0.2894292887180082, 0.2902922264991268, 0.2952133888198483, 0.28024107938812626, 0.273452153609645, 0.26417593177287807, 0.2725960982422675, 0.25101039630751454, 0.24631281389344123, 0.23993866337883857, 0.23624475847088522, 0.2342072134056399, 0.2299805485433148, 0.2263479554845441, 0.22966664548843138]

[Val Loss Tracker]
[0.6061103506521746, 0.4895113625309684, 0.4681280011480505, 0.44899401610547846, 0.4557917687025937, 0.4500161788680337, 0.4537615288387645, 0.4357812187888406, 0.44258413260633295, 0.4377800226211548, 0.437993661923842, 0.42659141529690137, 0.4270682091062719, 0.41782470453869214, 0.4210288578813726, 0.41156587275591766, 0.4175483069636605, 0.4070555459369313, 0.3913011876019565, 0.41660049286755646, 0.40419460155747156, 0.41638796437870373, 0.40868463299491187, 0.3999475267800418]

[Macro Recall]
[0.02209818454965796, 0.041701822786227506, 0.0638592705351347, 0.08796511510017747, 0.11115577803673139, 0.13236316921071928, 0.15186265151554765, 0.17057954339660497, 0.18987353575847749, 0.2027452485699694]

[Macro Precision]
[0.03327868852459018, 0.032049180327868944, 0.03234972677595631, 0.03278688524590164, 0.03337704918032768, 0.03355191256830609, 0.03327868852459022, 0.03327868852459012, 0.033387978142076565, 0.03240983606557372]

[Macro NDCG]
[0.03366671233277886, 0.04079794985869877, 0.04948339256838318, 0.05860623660778873, 0.06738361105135213, 0.07529486651359604, 0.08244088579581033, 0.08935673034203802, 0.09638655566662031, 0.10091334400602733]

[Micro Recall]
[0.009942694813145908, 0.019150707743547043, 0.02899544497232698, 0.03918303374638781, 0.04986041044227849, 0.060145956800705294, 0.06959886369202135, 0.07954155850516727, 0.08977812607141109, 0.09683107214576088]

[Micro Precision]
[0.033278688524590164, 0.032049180327868854, 0.03234972677595629, 0.03278688524590164, 0.03337704918032787, 0.03355191256830601, 0.033278688524590164, 0.033278688524590164, 0.0333879781420765, 0.03240983606557377]

[Micro NDCG]
[0.03418575987405955, 0.040297590079291165, 0.046840681569499824, 0.053357431001243, 0.05989883463055942, 0.0658414646920245, 0.0709504686404159, 0.07620758689840403, 0.081606946580782, 0.08493850652267539]

