===== Tracker Values =====

[Train Loss Tracker]
[0.92617796842129, 0.4364642947912216, 0.38035906034131206, 0.3532038095497316, 0.3360748661141242, 0.31517865989477406, 0.31234032204074247, 0.30004310559841896, 0.3070421911055042, 0.29932168702925405, 0.28742427739404863, 0.28910732653833204, 0.2900861492080073, 0.28233262031309064, 0.2706555224234058, 0.2637918721283636, 0.2650702917768109, 0.2653123092266821, 0.25229268352831563, 0.24171175927885116, 0.23799242079257965, 0.23735772505883249, 0.24440394534218696, 0.25038224650967505, 0.24147782691063419, 0.23845494706784526, 0.2384692959247097]

[Val Loss Tracker]
[0.6446755420077931, 0.49999247897755017, 0.4633804966102947, 0.45037413998083636, 0.46038239110599866, 0.44644194028594275, 0.45799979025667364, 0.45375839146700775, 0.43318652835759247, 0.450118750333786, 0.43943615664135327, 0.4409293911673806, 0.45370256900787354, 0.43511442975564435, 0.42565499381585553, 0.4205992709506642, 0.4029535786672072, 0.40383187478238886, 0.4089916375550357, 0.4123456207188693, 0.41562895341352984, 0.40119376236742194, 0.4086207991296595, 0.4157394197854129, 0.4113837561824105, 0.4100007550282912, 0.4111160933971405]

[Macro Recall]
[0.019987592903421288, 0.03990928624376225, 0.06731142738435188, 0.0912464632127108, 0.11543074709200703, 0.13512481401542772, 0.1534336166233606, 0.17011743339134283, 0.1881825795779875, 0.20462720901145362]

[Macro Precision]
[0.033770491803278686, 0.03262295081967224, 0.0343715846994536, 0.034057377049180326, 0.034786885245901414, 0.034344262295082056, 0.03381733021077294, 0.032930327868852395, 0.032714025500910814, 0.032622950819672085]

[Macro NDCG]
[0.03664537938898972, 0.042409127133925306, 0.05285931582923016, 0.0613599430177105, 0.07046798114278964, 0.07773978747030418, 0.08435836450823196, 0.09015689394683454, 0.09654860677559618, 0.10259462507480295]

[Micro Recall]
[0.010089631189694862, 0.019493559288827938, 0.030807660283097418, 0.040701376304060344, 0.05196649850614684, 0.06156634177401185, 0.07072537591223, 0.07870891903805652, 0.08796591076064064, 0.09746779644413969]

[Micro Precision]
[0.033770491803278686, 0.032622950819672134, 0.034371584699453554, 0.034057377049180326, 0.034786885245901636, 0.034344262295081966, 0.033817330210772836, 0.03293032786885246, 0.032714025500910744, 0.032622950819672134]

[Micro NDCG]
[0.03791292719071045, 0.043534040182175805, 0.051449304582425213, 0.05733281004927939, 0.06420422833811079, 0.06944386901295348, 0.07423529974186067, 0.07805265791173167, 0.082760288113217, 0.08765187532748565]

