===== Tracker Values =====

[Train Loss Tracker]
[0.4277504841166158, 0.25256738258946326, 0.2234137288985714, 0.20450951447409968, 0.19023723708045098, 0.17228815344072157, 0.18400135780534438, 0.18131459384195267, 0.16495279439034, 0.16019949845729337, 0.1472128699383428, 0.1396086967039493, 0.1407574208513383, 0.13329814999334275, 0.1367403552416832, 0.12867888090230764, 0.12632741130167438, 0.1234243912321906, 0.12285072452599002, 0.12319957296694478, 0.11978625385991988, 0.11617265281177336, 0.11959978962136854, 0.12291148112666223, 0.1173668943585888, 0.11406231467281619, 0.11355498865727455, 0.11100949286933869, 0.11592654403178923, 0.11138008018174479, 0.11265879701222142, 0.11593507038008782, 0.1104786939197971, 0.11161488462840358, 0.10954679969337679, 0.10689275573578573, 0.11016224204532561, 0.10724813686383347, 0.1058516385814836, 0.13061932258067593, 0.11853694507191258, 0.12382408856384215, 0.1128068472589216, 0.10944036682767252]

[Val Loss Tracker]
[0.6952325268225237, 0.32375802912495355, 0.22851296175609936, 0.22607431222092023, 0.21888864446770062, 0.19803138890049674, 0.19284866072914816, 0.1975962912494486, 0.1883201856504787, 0.1825799440795725, 0.18026620962403037, 0.17116614227945154, 0.1671126349405809, 0.16746190732175653, 0.16470726173032413, 0.16299655627120624, 0.15995833751830188, 0.16043049029328607, 0.15667422319000418, 0.15777762776071375, 0.1539215391332453, 0.15409429710019718, 0.1536231291565028, 0.1528780304572799, 0.1558307639577172, 0.15103385123339566, 0.14653505249456925, 0.14930787140672858, 0.14520860056985507, 0.1465344794771888, 0.14702195064588028, 0.14343495802445846, 0.14612447199496356, 0.14403275197202509, 0.1458991671150381, 0.14400952783497897, 0.14290713518857956, 0.14375109631906857, 0.14244439249688928, 0.14721555872396988, 0.15329232744195245, 0.1427557278763164, 0.14383726837960156, 0.1424887546084144]

[Macro Recall]
[0.014615778820836171, 0.033552190943216036, 0.05448690331368983, 0.07872636808611687, 0.10098140444181153, 0.11961714253454868, 0.13641173271151824, 0.15197663120550003, 0.16681358129599416, 0.18127176662402572]

[Macro Precision]
[0.023779771942368074, 0.02669036753055487, 0.028636492357531913, 0.030438035510646305, 0.031290306055078314, 0.03154701679332266, 0.03160044716219192, 0.03155905933687464, 0.03148107037861865, 0.031407494055362355]

[Macro NDCG]
[0.02435265252313811, 0.03189692044367058, 0.0400067228381834, 0.04918462344603913, 0.05743679437200989, 0.06441110630226655, 0.0707275235291111, 0.07658334866879508, 0.08214549572834608, 0.08753221515022361]

[Micro Recall]
[0.006429171910907927, 0.014432178881754727, 0.023226749113285827, 0.03291728169696943, 0.042298714483027994, 0.05117488798450715, 0.05980515516827154, 0.06825923085051441, 0.07660186670654108, 0.0849142620297157]

[Micro Precision]
[0.023779771942332405, 0.02669036753059909, 0.02863649235752088, 0.030438035510739033, 0.0312903060549268, 0.03154701679338909, 0.031600447162330535, 0.03155905933683119, 0.03148107037873473, 0.03140749405521711]

[Micro NDCG]
[0.025244943625068714, 0.03242100296131181, 0.03888659483870816, 0.0453955664613866, 0.05102242375376977, 0.05592300489582621, 0.060492850120732154, 0.06485558382861567, 0.06910025434711191, 0.07329866095254839]

