===== Tracker Values =====

[Train Loss Tracker]
[1.2541061639785767, 0.9615293241316273, 0.821094520630375, 0.7206599673917217, 0.6400778543564581, 0.5526506958469268, 0.49074656059665067, 0.42906982283438405, 0.40141679683039266, 0.3687473996993034, 0.3422725575585519, 0.31933719015890555, 0.30875262521928354, 0.28752131327506036, 0.2686188437284962, 0.2554540014074695, 0.25342534530547356, 0.24067661262327625, 0.2296633559369272, 0.224322872777139, 0.2180039627898124, 0.20824649497385947]

[Val Loss Tracker]
[0.8441572243517096, 0.7524782202460549, 0.7063002423806624, 0.6541127129034563, 0.6126711097630587, 0.5655223347923972, 0.5404692806980826, 0.5137163210998882, 0.5025397484952753, 0.497338896447962, 0.4816814417188818, 0.4822048273953525, 0.4953872859477997, 0.47175775332884357, 0.4428035454316573, 0.457282537763769, 0.4408235793763941, 0.4543893987482244, 0.46021646803075617, 0.45906075835227966, 0.46217637441375037, 0.4433371695605191]

[Macro Recall]
[0.012899063767535635, 0.03195853828326037, 0.049928800057053406, 0.0672395921152308, 0.08488961113831325, 0.0999170413073328, 0.11544819115374882, 0.1315608631998242, 0.14527824410257079, 0.15847871507515168]

[Macro Precision]
[0.022295081967213075, 0.025409836065573826, 0.025792349726775902, 0.02668032786885252, 0.027081967213114642, 0.027431693989071138, 0.027306791569086594, 0.027151639344262256, 0.0269763205828779, 0.026622950819672035]

[Macro NDCG]
[0.022768773279189594, 0.030774456125858524, 0.03758875230421603, 0.044511134050285034, 0.0512632433809135, 0.05722701619835899, 0.06289658970527055, 0.06851319745751619, 0.07342209144388971, 0.07799445430522314]

[Micro Recall]
[0.006661115736885929, 0.015183425576725277, 0.02311798991036881, 0.03188519371112308, 0.04045648234314542, 0.04917470735171671, 0.05710927168536024, 0.06489689964245482, 0.07253759122300044, 0.07954155850516727]

[Micro Precision]
[0.022295081967213116, 0.02540983606557377, 0.025792349726775958, 0.02668032786885246, 0.027081967213114753, 0.027431693989071037, 0.02730679156908665, 0.027151639344262294, 0.02697632058287796, 0.02662295081967213]

[Micro NDCG]
[0.023632163277961332, 0.03122194159211955, 0.03665272696490128, 0.04251770967805714, 0.04779420675813182, 0.05295023405137127, 0.05730460732534995, 0.06138161868703564, 0.06532508189261486, 0.06886545256013009]

