===== Tracker Values =====

[Train Loss Tracker]
[0.28905197281029915, 0.18189852286457978, 0.17086410714733985, 0.16578985318060843, 0.15318528418579408, 0.133472379245528, 0.13480420602906135, 0.13757363778929557, 0.13144197026568075, 0.13235035779014712, 0.1416930469774431, 0.13273860634334625, 0.13107085300068702, 0.12210647257104996, 0.11786676354465946, 0.11917131995001147, 0.12230358861627118, 0.11766384085339884, 0.11770348846837278, 0.1129387776085599, 0.11135175103141416]

[Val Loss Tracker]
[0.18051205507733606, 0.1700049184940078, 0.1560066823254932, 0.15861235017126257, 0.16776194558902222, 0.16718169775876132, 0.16035963865843686, 0.1565093838355758, 0.16098927638747476, 0.1486589779908007, 0.13963482122529636, 0.1663031672889536, 0.16388138180429285, 0.15297198024663058, 0.15133206139911304, 0.13550201126120306, 0.15506714311513034, 0.15030127289620313, 0.1533327583562244, 0.13997838646173477, 0.13923586498607288]

[Macro Recall]
[0.31079096661721023, 0.5250606232120895, 0.6737936013874314, 0.7806639387332291, 0.8644593497295137, 0.8726958033861415, 0.878042543678358, 0.882315081943148, 0.8857478914853383, 0.8877408059219428]

[Macro Precision]
[0.1486324786324774, 0.13303418803418773, 0.11960113960113916, 0.10999999999999988, 0.10193162393162492, 0.0857834757834753, 0.07404151404151463, 0.06508547008547008, 0.05817663817663898, 0.05252991452991501]

[Macro NDCG]
[0.22790289962296809, 0.3167372553146799, 0.37269929398764273, 0.4125557473889864, 0.4430098478728674, 0.44544004164459056, 0.4470252671725252, 0.4481649245338514, 0.44919427505583787, 0.4497704433511932]

[Micro Recall]
[0.23666303756124116, 0.4236526946107784, 0.5713119216113228, 0.7005988023952096, 0.8115133369624388, 0.8195427327163854, 0.8252585737615677, 0.8290691344583561, 0.8336962438758846, 0.836418072945019]

[Micro Precision]
[0.14863247863247864, 0.13303418803418804, 0.1196011396011396, 0.11, 0.10193162393162393, 0.08578347578347578, 0.07404151404151404, 0.06508547008547008, 0.05817663817663818, 0.05252991452991453]

[Micro NDCG]
[0.21380602021548833, 0.3000507095298901, 0.3593379215521142, 0.406980240529997, 0.4457230090142737, 0.44842072219463724, 0.4502609998394322, 0.4514501061301104, 0.45284926551176613, 0.45365023248680286]

