===== Tracker Values =====

[Train Loss Tracker]
[0.4845990442460583, 0.33494672419563415, 0.32794014100105534, 0.3062361575542919, 0.2849657364910649, 0.3121996541177073, 0.2964806643224532, 0.33652284645265146, 0.28661817937128004, 0.3081234308981126, 0.26914716632135455, 0.28821181049270017, 0.24343301139531598, 0.2649972712801349, 0.26536638986679817, 0.28614734449694235, 0.2295563613334971, 0.21991024334584514, 0.2095607527561726, 0.207787258971122, 0.20629910355614078, 0.19419441828804632, 0.18516215489756677, 0.18179443670857337, 0.17488563012692235, 0.17114768249373283, 0.17135232302450365, 0.16101321265582116, 0.16592475363323766, 0.15484671547047554, 0.15561850465113117, 0.15209513974766578, 0.15224504038210837, 0.147865571201809, 0.14666542314714, 0.14683191334047624, 0.14987968629406345, 0.14321336726988515, 0.14006466791033745, 0.13948881457890233, 0.13887344120490935, 0.14888084367398294, 0.1444946926447653, 0.13819159519287846, 0.14812296821225074, 0.14323463795646543, 0.14251092364711146]

[Val Loss Tracker]
[0.4759351638230411, 0.39868573438037525, 0.3637844540856101, 0.33242216028950433, 0.32815546745603735, 0.33809292722832074, 0.34386334094134247, 0.35832408476959576, 0.34130033579739655, 0.3297366472807797, 0.3252470384944569, 0.2857580076564442, 0.27919055115092883, 0.28984907404942944, 0.3343532153151252, 0.2884029746055603, 0.2586746242913333, 0.24469587071375412, 0.23437922380187295, 0.22995984418825668, 0.2320412261919542, 0.22064083272760565, 0.2114904455163262, 0.20976725220680237, 0.20522222871130164, 0.2039135437120091, 0.20131759480996567, 0.1984276920557022, 0.20022314651445908, 0.19044838032939218, 0.18638957359574057, 0.18522998961535367, 0.18611170216040177, 0.18113770539110358, 0.18078150126067075, 0.17919780855829065, 0.17964749851010062, 0.18089855665510352, 0.17989551614631305, 0.17949584126472473, 0.17762786962769248, 0.17262763665481048, 0.17854141782630573, 0.1763896495103836, 0.18148865889419208, 0.17617179724303159, 0.17497096820311112]

[Macro Recall]
[0.014652954085231588, 0.03266105298073158, 0.05154959476859786, 0.07389400382856187, 0.09419177815465436, 0.11104005019517074, 0.12622390445354634, 0.1409297913092608, 0.15497366489775485, 0.16921082188104647]

[Macro Precision]
[0.027256776198713157, 0.030454044800334954, 0.03222819428021687, 0.03349693048543474, 0.034128390234062354, 0.03401685884922488, 0.0337965862704161, 0.03359490733828664, 0.033370190275624705, 0.033194941918448406]

[Macro NDCG]
[0.02694995561274368, 0.03403410619580659, 0.04137003114160737, 0.04963625677178442, 0.05728550266117178, 0.06358290951142308, 0.06933940474732789, 0.0749084506060423, 0.08021615556140982, 0.08551628103503153]

[Micro Recall]
[0.007369225421646231, 0.016467297489568315, 0.026139939681679148, 0.036225330520655984, 0.04613528010033855, 0.05518141232175904, 0.06396143939626969, 0.07266257561503847, 0.08119860083287275, 0.08974686077010519]

[Micro Precision]
[0.02725677619866888, 0.030454044800396176, 0.03222819428020099, 0.033496930485529736, 0.034128390233906396, 0.03401685884929495, 0.033796586270555165, 0.033594907338231464, 0.033370190275744005, 0.033194941918297124]

[Micro NDCG]
[0.028591966073448095, 0.036771317490521066, 0.04374783636689316, 0.0502200708182491, 0.05601876631281304, 0.0608264684781973, 0.06533502148598856, 0.06973956390944025, 0.07400801073571019, 0.07827331594839418]

