===== Tracker Values =====

[Train Loss Tracker]
[0.5614230940418858, 0.3216743353874453, 0.24785629125131714, 0.2428248164153868, 0.2423686209705568, 0.22032387025894656, 0.22254946972093276, 0.18976818080047317, 0.2038562499707745, 0.18775231174884305, 0.19411937195447185, 0.26934126620331117, 0.18782161128136418, 0.19168271292601863, 0.1716171964522331, 0.16517407603251125, 0.1605079941932232, 0.15596973109773943, 0.1389294903605215, 0.15069051134970882, 0.134056985858948, 0.14745394044345425, 0.13865470814128075, 0.13852848713436433, 0.12612017111912852, 0.11964788119639119, 0.1210402121106463, 0.1292097953058058]

[Val Loss Tracker]
[0.17693142592906952, 0.17534548856995322, 0.17658238112926483, 0.16418175399303436, 0.1745971136472442, 0.17838195304978977, 0.17632117596539584, 0.2131361107934605, 0.18048055469989777, 0.18704374540935864, 0.1994323886253617, 0.1860082196918401, 0.1905006766319275, 0.2206276519732042, 0.186979972503402, 0.2170207663015886, 0.1815455203706568, 0.1639786965467713, 0.18568707325241782, 0.1672413030808622, 0.1681664301590486, 0.18479438532482495, 0.17640855637463657, 0.17000006545673718, 0.20362781259146603, 0.18951080400835385, 0.17423429136926477, 0.17921049147844315]

[Macro Recall]
[0.3117037810847986, 0.5254033797437065, 0.6725938759644574, 0.7853090672362127, 0.8609823345819176, 0.8707385740224982, 0.8772407226985918, 0.8834597531074427, 0.8867584425217198, 0.8889885735232719]

[Macro Precision]
[0.14743589743589644, 0.13239316239316215, 0.11945868945868904, 0.11014957264957251, 0.10109401709401808, 0.08551282051282003, 0.07391941391941456, 0.06521367521367517, 0.05824311490978233, 0.05266666666666714]

[Macro NDCG]
[0.24245369120315646, 0.33140625609079044, 0.3874059376685697, 0.4287536134244945, 0.45670220294487995, 0.45986961761113015, 0.461779234892551, 0.4635381540828148, 0.4644730924088964, 0.46521043150983016]

[Micro Recall]
[0.23475775721284703, 0.4216113228089276, 0.5706314643440392, 0.7015514425694066, 0.8048448557430593, 0.8169569951007076, 0.8238976592270005, 0.8307022318998367, 0.8346488840500816, 0.8385955362003267]

[Micro Precision]
[0.14743589743589744, 0.1323931623931624, 0.11945868945868945, 0.11014957264957265, 0.1010940170940171, 0.08551282051282051, 0.07391941391941392, 0.06521367521367522, 0.058243114909781575, 0.05266666666666667]

[Micro NDCG]
[0.22575665253969607, 0.31190750210200674, 0.37179852039797684, 0.42005451795045795, 0.45612655299982124, 0.4601912129483914, 0.4624294010908073, 0.4645492782609132, 0.4657440546990724, 0.46691068126809904]

