===== Tracker Values =====

[Train Loss Tracker]
[0.41649764968502906, 0.2641493428137995, 0.1997345242529146, 0.17887589768055948, 0.16387672337793535, 0.14559379003701672, 0.1325991337578143, 0.12370172275170203, 0.1208864816975209, 0.11778368127922859, 0.11301744512973293, 0.10718298535193166, 0.10755226016044617, 0.09843013877229344, 0.09548667454791646, 0.09213955493103113, 0.09148459496998018, 0.08840080104287594, 0.09134956329099593, 0.08929439249538607, 0.08297839751767536, 0.0845117278156742, 0.08591621801737816, 0.08787289766534682, 0.09602861923556175, 0.08853507162101808, 0.08114776465921633, 0.07771661667333495, 0.0788377768570377, 0.07841370447028068, 0.07442785679332671, 0.07752878050650319, 0.07486023729847323, 0.07390464193397953, 0.07264084525166019, 0.07101220168894337, 0.06943483631156626, 0.06911854770395064, 0.07352535234343621, 0.07980249557764299, 0.0729417291379744, 0.07857102227787818, 0.07592775600571786, 0.07157696020458976, 0.06921590535691188, 0.06833523740210841, 0.07168340442642089, 0.06700873648327205, 0.0652644952098208, 0.06432294247732047, 0.06399440479975554, 0.06352693302136275, 0.09706971626127919, 0.07850959182025925, 0.0769571669159397, 0.06872964728503458, 0.06739340908825397, 0.06822017219758802, 0.06471256863686346, 0.06490506856672225, 0.06373448357466728, 0.06562585047175808, 0.06158787768424278, 0.06176624969849663, 0.060708431617146535, 0.06237345513316893, 0.061206388617715525, 0.06586635713615725, 0.06127928900382211, 0.06099282769906905, 0.059714574186551954, 0.0605215490345032, 0.060189682329373974, 0.05942489930819119, 0.05807584850868631, 0.059949827290350394, 0.05902277799924054, 0.058727002672610745, 0.05919011297725862, 0.05820731458164031, 0.05744057643647876, 0.056998661539006616, 0.0586754840708548, 0.057499858130130074, 0.05707961146629626, 0.05728020194557405, 0.05619021927967908, 0.057806758149977655, 0.05998337557238917, 0.05719460234526665, 0.058132129691300855, 0.05640308790269398, 0.05778426809176322, 0.05700864066039362, 0.05849706669968943, 0.05634582571444973, 0.056474136489052924, 0.0557867219491351, 0.05579120347336415, 0.05617963066024165, 0.058281807889861446, 0.060559268079457745, 0.05980386597014243, 0.057976493912358436, 0.058340396251409285, 0.054973149837385264, 0.05461289995019474, 0.0564735688028797, 0.05549211896234943, 0.05405844256071554, 0.053848558894148274, 0.05344084208650935, 0.0534405458207813, 0.05366355565286452, 0.05380272486757848, 0.05760731199576009, 0.05418345572487, 0.05310833105637181, 0.052958845130858884, 0.053487194521773244, 0.053114848391663645, 0.052755287653135675, 0.05920358182441804, 0.055062268049486225, 0.053045100055544844, 0.05244056359984942, 0.05295383822052709, 0.0531898784871784]

[Val Loss Tracker]
[0.3056897141716697, 0.24158353155309503, 0.22535068067637357, 0.20097506723620676, 0.19348768483508716, 0.182626796039668, 0.17162265560843729, 0.16652544113722714, 0.16067430512471634, 0.15301037647507407, 0.14314337752082132, 0.1377932591871782, 0.1321417675776915, 0.12799064205451446, 0.1254171221093698, 0.1172549223357981, 0.11498985642736609, 0.11315474185076627, 0.11340844427997415, 0.11204522306268866, 0.10962331091815775, 0.10855665938420729, 0.11010150069540198, 0.1051818084987727, 0.1073793125423518, 0.10803864015774294, 0.10535745525901968, 0.10199884325265884, 0.1014777652241967, 0.09873864867470482, 0.09838039089332927, 0.09820676865902814, 0.09785694019360976, 0.09785889766433022, 0.09678300876509059, 0.09588075835596431, 0.09483153034340251, 0.09398330680348656, 0.09202334013852206, 0.09332664107734506, 0.09428920190442693, 0.09225927496498282, 0.09635194661942395, 0.09197862310843034, 0.09103894436901266, 0.09071615880185907, 0.08860429105433551, 0.08971362425522371, 0.08743459460410205, 0.08782874250953848, 0.08710025792772119, 0.08562971245158803, 0.0855819129131057, 0.09458400241353294, 0.09168162467804822, 0.08974975889379327, 0.08752386746081439, 0.08718502521514893, 0.08586685088547794, 0.0842077373103662, 0.08322593637488106, 0.08436215601184151, 0.08386812562292273, 0.08320482955737547, 0.08312852680683136, 0.08216073973612352, 0.08131206306544217, 0.08123920383778485, 0.08269179409200494, 0.08104903386397795, 0.08109380982138893, 0.080452368340709, 0.08034350790760734, 0.08007568933747032, 0.08042570271275261, 0.0795991678129543, 0.07961533557284962, 0.07925492457368156, 0.07926580783995715, 0.07878397134217349, 0.07800038158893585, 0.0782210732048208, 0.07755235718055205, 0.07828791507265785, 0.07728542726148259, 0.07716230303049088, 0.07695341177962044, 0.07705237377773631, 0.07641896131363782, 0.07637441429224881, 0.07660211690447548, 0.07615066455169157, 0.07605922763997858, 0.07624697211113843, 0.07528215714476326, 0.07607476548715071, 0.07664272053675218, 0.07578574324196036, 0.07522269406101921, 0.07463486086238515, 0.07549490237777884, 0.07553029873154381, 0.07563527470285242, 0.07575676116076382, 0.07533603026108308, 0.07541921734809875, 0.07483336600390347, 0.07502652298320424, 0.07486203990199349, 0.07454649833115665, 0.07502743737264113, 0.07424026998606595, 0.0754163075577129, 0.07447846978902817, 0.07442904873327776, 0.07395330003716728, 0.07386914776130156, 0.07374222712083296, 0.07378838143565437, 0.07433036105199294, 0.07380633259361441, 0.07447697222232819, 0.07406718216159126, 0.07451685992154208, 0.07405217330564152, 0.07408584992993962, 0.07423477078025992, 0.07384866543791511]

[Macro Recall]
[0.03124559401686061, 0.056042498789092066, 0.0764111270447323, 0.09526395282282216, 0.11100914146933158, 0.12565541429667745, 0.13974749775399764, 0.15401575886706723, 0.16743075201081992, 0.18057875184597577]

[Macro Precision]
[0.04183621363226778, 0.039195649097793946, 0.03743527274146691, 0.03610873564207794, 0.03512258445563853, 0.03405950908798662, 0.03338085247938491, 0.03275504334289483, 0.032084417675116356, 0.03156963473835174]

[Macro NDCG]
[0.046368090655365825, 0.05448534942603601, 0.0621056093217471, 0.06932571106797088, 0.07560634167413434, 0.0813095753691368, 0.08686399939290752, 0.09229127509316298, 0.09731044686074161, 0.102209354811813]

[Micro Recall]
[0.013428097446270134, 0.025161119989542034, 0.03604660508131482, 0.04635903479465088, 0.05636617725262402, 0.06559213188251456, 0.07499936316209667, 0.08410663885248326, 0.09268272261730308, 0.10132851298053369]

[Micro Precision]
[0.04183621363225279, 0.0391956490977661, 0.03743527274144165, 0.03610873564208415, 0.035122584455614274, 0.034059509087963444, 0.03338085247941838, 0.032755043342910406, 0.03208441767513017, 0.03156963473831218]

[Micro NDCG]
[0.0460588436584156, 0.052215495967358964, 0.0580009956984128, 0.06341241007089009, 0.06860134466614513, 0.07320017592344498, 0.07793750990934474, 0.08246309780390808, 0.08663170618098594, 0.09083589114013509]

