===== Tracker Values =====

[Train Loss Tracker]
[0.453985559363519, 0.26924313845173004, 0.2362120766793528, 0.21311550635483958, 0.19798257802763292, 0.18905068212939846, 0.19128166187194087, 0.2063042963704755, 0.1636059760085998, 0.16735292490451567, 0.16227210673593706, 0.15457804020374052, 0.1454477562539039, 0.15673286155346902, 0.1454649896871659, 0.14385739545668325, 0.13299683066866091, 0.1278989346277329, 0.12405435110051785, 0.14829820803096216, 0.12987223940510903, 0.12335053771253555, 0.12071384669792268, 0.11952505044398769, 0.11808087893070714, 0.11721018461450454, 0.11855595174335665, 0.1147533402808251, 0.11523056438853664, 0.11212613794111437, 0.11378771090699781, 0.11086958238194065, 0.11509051630573888, 0.11114541272963246, 0.11257414087172478, 0.1111053055332553, 0.11249294660745128, 0.11049571753509584, 0.10639854220132675, 0.10687164517660294, 0.10535070792801919, 0.11525676543674161, 0.1079759439153056, 0.10606072398443375, 0.10803609677860813, 0.10527321479974254, 0.11192143684433352, 0.10575278283607575, 0.10389727747608576, 0.10334019975796822, 0.10227295978655739, 0.10214201733469963, 0.10352837847125146, 0.10106604295452276, 0.10471873610250411, 0.10401342184312883, 0.10454974491750041, 0.1003884771057675, 0.10185550657972213, 0.10749521346822861, 0.10370772193756796, 0.10417881608009338, 0.10018453200257593, 0.1096160618528243, 0.10213846016314722, 0.10514539311970433, 0.10239485146537904, 0.10119471674965273, 0.10120359159285022, 0.10034434040707926, 0.0972597309418263, 0.09716781949804675, 0.09682435193850149, 0.0959679285034297, 0.09579581028271106, 0.0953994625428271, 0.10172134421525462, 0.09889294026840117]

[Val Loss Tracker]
[0.6615534099665555, 0.3427738019011237, 0.23176691342483868, 0.23378897255117242, 0.22099664129994132, 0.20853159779852087, 0.20008085668087006, 0.18733891438354144, 0.18656558746641333, 0.19397633184086194, 0.1864103295586326, 0.1774133105169643, 0.17291938716715033, 0.17051759362220764, 0.17357654734091324, 0.16556410017338666, 0.16671802442182193, 0.16018306802619586, 0.15780627456578342, 0.15676543658429926, 0.16515676270831714, 0.1570765579288656, 0.1547248654744842, 0.15291321209885858, 0.15352892807938837, 0.15182289074767719, 0.1508052565834739, 0.1490898450667208, 0.15009686079892245, 0.14691228690472516, 0.14446113597262988, 0.14698613028634677, 0.14553131501783023, 0.14531666040420532, 0.14479063315825028, 0.14241428944197568, 0.1433856345035813, 0.14661440456455405, 0.1423122842203487, 0.14203715324401855, 0.14119397442449222, 0.140165889127688, 0.14001030136238446, 0.13996310057965192, 0.13884307850490918, 0.13884263824332843, 0.14167062464085492, 0.14439922300252048, 0.13850490071556784, 0.1385888782414523, 0.13716727088798175, 0.13754953918131915, 0.1366575299338861, 0.13708375733007083, 0.13601210442456332, 0.13949842751026154, 0.13609498739242554, 0.13720718026161194, 0.1349075809121132, 0.137515513734384, 0.1380131027915261, 0.13506080210208893, 0.1335517249324105, 0.1338307105682113, 0.13705886561762204, 0.13281040435487573, 0.1345674083991484, 0.13411228223280472, 0.13264145634391092, 0.1347698779268698, 0.13167403841560538, 0.1327844885262576, 0.1310624981468374, 0.13230176270008087, 0.13134802336042578, 0.13147150521928613, 0.1318691528656266, 0.1347081119363958]

[Macro Recall]
[0.01863812646926844, 0.04067443117744567, 0.06137636780423523, 0.08358674206119912, 0.10480568503315618, 0.12392890299638007, 0.14203129598561356, 0.15929585815269326, 0.17572756983199747, 0.19131422758477878]

[Macro Precision]
[0.02650732798556369, 0.029187069616868917, 0.030512496495758216, 0.03154128902521724, 0.03211066474855422, 0.032323182732097264, 0.03241911649442651, 0.032472095808171716, 0.032456095412400854, 0.03239501107857456]

[Macro NDCG]
[0.027524124870030205, 0.03634389805953032, 0.04453449377933165, 0.05301353631281358, 0.060959794408627595, 0.0681119159514581, 0.07484410903851843, 0.08125769425480989, 0.08732658505891018, 0.09306842527941382]

[Micro Recall]
[0.007166602309349455, 0.015782210914212284, 0.024748355772020315, 0.03411039768205162, 0.04340768791677759, 0.05243396757464636, 0.061354520789414106, 0.07023404152544559, 0.0789743634728528, 0.08758414327271934]

[Micro Precision]
[0.026507327985519063, 0.02918706961692972, 0.030512496495744376, 0.03154128902531175, 0.032110664748398, 0.03232318273216672, 0.03241911649456934, 0.0324720958081276, 0.03245609541252026, 0.032395011078428446]

[Micro NDCG]
[0.028049914949234204, 0.03555587081350642, 0.041814853125479855, 0.04772392258463658, 0.053123909150296834, 0.05804924344246597, 0.06276349140782463, 0.067367193298974, 0.07182698919740985, 0.07617129801051882]

