===== Tracker Values =====

[Train Loss Tracker]
[0.9149629387163347, 0.35535807282693926, 0.2556459225954548, 0.21522031315872747, 0.2024345604642745, 0.20168221141061476, 0.18855356064534956, 0.20425349618158034, 0.18287521792996314, 0.1745627330195519, 0.16769517934130085, 0.17272073847632255, 0.16742195477408747, 0.1740691565698193, 0.16551958697457467, 0.16958625374301786, 0.16185062883361692, 0.15906067673237093, 0.1554077277260442, 0.16137539907809226, 0.1569072092252393, 0.1531936903634379, 0.15849883902457454, 0.15730441866382475, 0.15394904752892832, 0.15104062590868242, 0.1569083933868716, 0.15468974267282792, 0.15144575531444243, 0.14706144397777896, 0.150244556127056, 0.14610981082002963, 0.1543068140745163, 0.14747934355851142, 0.1507403047815446, 0.14995877252471063, 0.147757800115693, 0.14649691661038705, 0.14422562934698596, 0.14396597805523104, 0.1442244809962088, 0.14905135814220674, 0.14700556137869436, 0.14211682446541324, 0.14590951223527232, 0.14269025431525323, 0.14562513607163582]

[Val Loss Tracker]
[0.3272063894705339, 0.25759725543585693, 0.21035052565011111, 0.19786229323257098, 0.19074426726861435, 0.19037732481956482, 0.18795904381708664, 0.18654364211992783, 0.1882214993238449, 0.18655132840980182, 0.18418042903596704, 0.18479579416188327, 0.19299169426614587, 0.18499298122796146, 0.18058728900822726, 0.18182041970166293, 0.18255168267271735, 0.1805005039681088, 0.1817627251148224, 0.1809432106939229, 0.18058009513399817, 0.1770871105519208, 0.17645474726503546, 0.17778340862555939, 0.1779216392473741, 0.17826579375700516, 0.17786242135546423, 0.17644976824522018, 0.17595155808058652, 0.17507683824409137, 0.17383914644067938, 0.17317289791323923, 0.17511235042051834, 0.1729582270438021, 0.17284880578517914, 0.1729501966725696, 0.17306264693086798, 0.17379969426176764, 0.17208106273954565, 0.17245518145236102, 0.1712732342156497, 0.16896706616336649, 0.17195564034310254, 0.169906960292296, 0.16983801194212653, 0.17168473520062186, 0.1707444190979004]

[Macro Recall]
[0.007940321540741736, 0.017730219235990663, 0.02887242580481338, 0.05035641874304196, 0.06798508450818626, 0.08469581762459244, 0.10097088921188058, 0.11588457362351758, 0.13151510874417738, 0.1451787800886679]

[Macro Precision]
[0.022519093746159357, 0.024388978778059612, 0.024689526509259475, 0.026908894334339007, 0.027684544418450176, 0.0284562633321112, 0.029281509178839586, 0.029704729998060963, 0.0301669804486337, 0.030312266531342523]

[Macro NDCG]
[0.023122641716695966, 0.02635848747839586, 0.02970553786698292, 0.03721884192032925, 0.04336054333172742, 0.04942434560614461, 0.05549894609226817, 0.061042705416230206, 0.06678538442199988, 0.07181252030118977]

[Micro Recall]
[0.0060883310959763525, 0.01318775787051708, 0.020025407818689767, 0.029100684065091708, 0.037424390732615574, 0.04616113460170823, 0.055416468982649035, 0.06424849361460183, 0.07340433433402181, 0.0819531713806598]

[Micro Precision]
[0.022519093746131088, 0.02438897877808563, 0.0246895265092491, 0.02690889433441912, 0.027684544418307797, 0.028456263332180664, 0.02928150917896434, 0.029704729997993503, 0.030166980448743948, 0.0303122665311925]

[Micro NDCG]
[0.025311305908445113, 0.03097839775342431, 0.035221094802351784, 0.041430138779264505, 0.04633813620189105, 0.05134287919483961, 0.05655119204962802, 0.061294454100875105, 0.06617057611500728, 0.07057581850664191]

