===== Tracker Values =====

[Train Loss Tracker]
[0.5064178892681676, 0.4036641880389183, 0.36387128647296657, 0.35693610531668507, 0.35146700614883053, 0.33974285423755646, 0.4080189081930345, 0.33363391122510355, 0.3299267883262327, 0.32603117967805556, 0.31837192538284487, 0.3156889352586962, 0.31528958678245544, 0.3078301976765356, 0.31088058410152314, 0.2990168723608217, 0.2965787045897976, 0.29826955353060075, 0.2965859535240358, 0.31420262013712236, 0.2841762977261697, 0.27787992935026845, 0.26714466440100826, 0.2667671980396394, 0.2541740029569595, 0.23651231452822685, 0.2328838191686138, 0.22455760019440804, 0.21609284272117, 0.20603526287501858, 0.20250329423335292, 0.20250791455468825, 0.1900202218563326, 0.18281425151132769, 0.17714324833885317, 0.1745844550671116, 0.1812418285877474, 0.17275548305722974, 0.1711812459172741, 0.1879170863859115, 0.1884555927207393, 0.1759230350294421, 0.16689477957064106, 0.1635676665652183, 0.1684396468823956, 0.16100738990691402, 0.1574449457468525, 0.1541914182805246, 0.15469363560118982, 0.15427447062346242, 0.1510338427559022, 0.16204352869141486, 0.15434567173642497, 0.1497525034412261, 0.1486743754677234, 0.15160068821522496, 0.14992001532546936, 0.15549592721846797, 0.15228580659435642, 0.14670669623920995, 0.1465014051045141, 0.14751760998079855, 0.15615385193978587, 0.14472714138607826, 0.14594753567249544, 0.14641057195201998, 0.1435394225822341, 0.1453963090335169, 0.14407164795744803, 0.14666948876073282, 0.14964932443634157, 0.14619187457907584]

[Val Loss Tracker]
[0.37097633155909454, 0.3819401074539531, 0.4410445202480663, 0.3723779889670285, 0.3864695836197246, 0.32952446287328546, 0.33541003411466425, 0.32244703444567596, 0.3260873312299902, 0.3183319189331748, 0.3186330388892781, 0.3137122799049724, 0.311945380135016, 0.3107098517092792, 0.30854879455132916, 0.30632605200464075, 0.30300494080240076, 0.3024554753845388, 0.3004783866080371, 0.29505548016591504, 0.290834594856609, 0.29419361461292615, 0.2927152473818172, 0.2794899290258234, 0.2806309583512219, 0.27361622859131207, 0.27401399883356964, 0.267838484861634, 0.25632933324033563, 0.2548878328366713, 0.24854619394649158, 0.24789525703950363, 0.24628413671796973, 0.23454737256873737, 0.22837885130535474, 0.22484729100357403, 0.22209622778675772, 0.2144001844254407, 0.2134170031005686, 0.2333297092806209, 0.21817954968322406, 0.21003351563757117, 0.20367695933038538, 0.20095199482007461, 0.19893556833267212, 0.19805935567075555, 0.19503880630839954, 0.19384151968089017, 0.1926649348302321, 0.19167727096514267, 0.19208082963119855, 0.19188509475101123, 0.19344045221805573, 0.18868455968119882, 0.18813224136829376, 0.187585017897866, 0.1868011849847707, 0.1910328282551332, 0.18652588535438885, 0.18647333844141525, 0.185948831113902, 0.1839750964533199, 0.18421229855580765, 0.18539079278707504, 0.18601999296383423, 0.18597127361731094, 0.18527830730785022, 0.18554929440671747, 0.18522924320264297, 0.18448866023258728, 0.1848544735800136, 0.18434952131726526]

[Macro Recall]
[0.015919002843381436, 0.03190516502784251, 0.0403435471090611, 0.04783501773158869, 0.06309244691834656, 0.08950834103128129, 0.10770197308912066, 0.12207100184235856, 0.14384137132217734, 0.1538427726575229]

[Macro Precision]
[0.025450501410995297, 0.026762622791205094, 0.025271197366799166, 0.024678960377994975, 0.025480641567083656, 0.028208226071033685, 0.02941604819972998, 0.02952072989557579, 0.0305809688204417, 0.030297196453326066]

[Macro NDCG]
[0.02413797694639963, 0.03024605935642512, 0.03314003616527728, 0.03613232624651356, 0.04184112557847338, 0.05159132741950788, 0.058494155834885875, 0.06377935794867409, 0.07148085144705958, 0.07544448699934594]

[Micro Recall]
[0.006880875442650128, 0.014471249188512038, 0.020497194757745918, 0.026689116992022675, 0.03444512113728411, 0.04575877392414255, 0.05567108965238796, 0.06385051896851851, 0.07441167880144996, 0.08191242745662633]

[Micro Precision]
[0.02545050141095206, 0.02676262279125167, 0.025271197366792036, 0.024678960378075383, 0.025480641566946582, 0.02820822607109263, 0.029416048199854484, 0.02952072989553405, 0.03058096882054464, 0.03029719645319524]

[Micro NDCG]
[0.025144975517810593, 0.03135270634721784, 0.03450561073752826, 0.03781154816574496, 0.04248118681784349, 0.04978182578225558, 0.05554413757167276, 0.05983318394309011, 0.06569039157800986, 0.06942260061300243]

