===== Tracker Values =====

[Train Loss Tracker]
[0.5657901518767879, 0.5199152461944088, 0.48626004471894235, 0.4787867482631437, 0.4444520733048839, 0.42195413141481336, 0.4141398485629789, 0.3902398540127662, 0.37922930621331735, 0.3650875081939082, 0.3501682771790412, 0.3410841784169597, 0.3286696417677787, 0.326829380566074, 0.32207627065720096, 0.3131061032895119, 0.304137505831257, 0.30049966996715916, 0.29608190828754055, 0.2819719266506933, 0.2854144650120889, 0.27840425602851376, 0.26257025522587324, 0.26609600070984135, 0.2628830123332239, 0.26871396649268364, 0.2621376841298996, 0.26012946040399615, 0.25341922188958815, 0.24652269386476086, 0.2493456760721822, 0.23590199457060906, 0.23986117637926532, 0.2345686622204319, 0.2336393589934995, 0.22444528743865028, 0.2229643997646147, 0.22113129304301354, 0.235021615701337, 0.22883369893796981, 0.22863438629334973, 0.21768319582746876, 0.2127457833097827, 0.2294710595761576, 0.21740128772874032, 0.21061643429340854, 0.21028382931986161, 0.20443470776081085, 0.20748049837927665, 0.20003538188194075, 0.19844829447327123, 0.20275709609831533, 0.19907773598547904, 0.19385303620008693, 0.1925133293674838, 0.18948366673242661, 0.1891971658314428, 0.1917966676335181, 0.18309932045878902, 0.19255489687765798, 0.18925621961393663, 0.18607195262466708, 0.18278099548432133, 0.17991352970561675, 0.1766837847328955, 0.1737584345523388, 0.17336390383781924, 0.1752300435496915, 0.1711845272971738, 0.17688868699535246, 0.19143189105295366, 0.18810441873727307, 0.17753198887071303, 0.17073836694321326, 0.17106962973071682, 0.1647643181345155, 0.1622884144946452, 0.16005533356820384, 0.16158159413645345, 0.15668333901633177, 0.163187226460826, 0.1606368374439978, 0.1574307632061743, 0.17054248288754495, 0.17034756560479442, 0.17362013122727793, 0.16248040958758322]

[Val Loss Tracker]
[0.6590980020436373, 0.6031929308717902, 0.5778739181431857, 0.5552615631710399, 0.5385602170770819, 0.5235542113130743, 0.5086602947928689, 0.49935639988292346, 0.4892448295246471, 0.48302141373807733, 0.4745777899568731, 0.46931823004375806, 0.464380529793826, 0.4579475061459975, 0.4531457153233615, 0.44821805303747003, 0.44346692887219513, 0.4419318681413477, 0.43814452398907056, 0.43590306693857367, 0.43258031660860236, 0.4326526034962047, 0.4271665540608493, 0.42332724278623407, 0.42117105288939044, 0.41727997769008984, 0.41224557432261383, 0.4118137386712161, 0.4102856083349748, 0.4097959074107083, 0.4100661955096505, 0.40620649402791803, 0.40518605980006134, 0.4022574749859897, 0.39939394322308625, 0.3971689749847759, 0.3936575786633925, 0.3916246376254342, 0.39257650754668494, 0.3979292864149267, 0.39092534238641913, 0.38929215344515716, 0.38546883247115393, 0.3840993453155864, 0.38093942403793335, 0.38174825635823334, 0.3792635283686898, 0.3771308389576999, 0.3768136501312256, 0.37702945145693695, 0.37488980997692456, 0.37355492873625323, 0.3745910254391757, 0.37222125042568555, 0.36845156008547003, 0.3666996522383256, 0.36453414776108484, 0.3647910031405362, 0.3624209761619568, 0.36205303939906036, 0.3640384619886225, 0.36478129300204193, 0.3597445487976074, 0.35973930629816925, 0.35938174345276575, 0.3547697500749068, 0.35238899967887183, 0.3543191768906333, 0.3521183973008936, 0.34867488796060736, 0.3508534946224906, 0.3616090416908264, 0.3534390249035575, 0.3501565998250788, 0.3467746620828455, 0.347844579003074, 0.3466651981527155, 0.3441590829329057, 0.34239250963384454, 0.34087624604051764, 0.3408006267114119, 0.3370701779018749, 0.339482071724805, 0.3374745331027291, 0.3457157395102761, 0.34703629396178504, 0.34423347494818946]

[Macro Recall]
[0.010605807878875925, 0.01584075290471719, 0.019577531272943295, 0.02230608256844078, 0.024662067349636253, 0.026934508526158852, 0.028938208403351276, 0.030786317398539882, 0.032494311774265185, 0.03417564864158525]

[Macro Precision]
[0.01272799317971819, 0.009659466144737774, 0.008030242992599954, 0.006922647422579828, 0.006166112318535302, 0.005621330195362632, 0.005178680782961196, 0.00483738787958697, 0.004548723264878156, 0.004319232477995057]

[Macro NDCG]
[0.01744747848466106, 0.017362820419105213, 0.0180066244196097, 0.018633239104005467, 0.019268218571913145, 0.019920222163757724, 0.02050325573958768, 0.02105293961883602, 0.021560494003656942, 0.022066867336614445]

[Micro Recall]
[0.008141708744963278, 0.012357731320539073, 0.015410104014169645, 0.01771282503467907, 0.0197213692203469, 0.02157476008842203, 0.023188508208532202, 0.024754635013341648, 0.026187114901016793, 0.027628811817459818]

[Micro Precision]
[0.012727993179716863, 0.009659466144738896, 0.008030242992599352, 0.006922647422581381, 0.006166112318536041, 0.005621330195362688, 0.00517868078296027, 0.004837387879588382, 0.004548723264877009, 0.004319232477996182]

[Micro NDCG]
[0.020266261538209693, 0.021002650909138224, 0.02179920001800953, 0.022444774490526356, 0.02308134652142357, 0.02371692301569272, 0.024271075879847732, 0.024833501815730852, 0.025349339396131314, 0.02588110081626058]

