===== Tracker Values =====

[Train Loss Tracker]
[0.7777201696749656, 0.3398760259151459, 0.25463575977013414, 0.213893027702016, 0.1862660985319845, 0.1990397173550821, 0.18172656312104193, 0.1407665737844523, 0.1297729121100518, 0.12388698807767322, 0.12193983651119314, 0.12042895103654554, 0.11676758912301832, 0.10352013932330714, 0.10688720715622749, 0.09506524714731401, 0.08979749150814549, 0.0866418532686141, 0.08883439949263007]

[Val Loss Tracker]
[0.3373648375272751, 0.3796975084326484, 0.37321659516204486, 0.30081346360119904, 0.3114866627888246, 0.3088723434643312, 0.2654798220504414, 0.2569670650092038, 0.25032988461581146, 0.23785490474917673, 0.22726629268039356, 0.2155906456437978, 0.20730980350212616, 0.17797411436384375, 0.20914471284909683, 0.21531474590301514, 0.20116877962242474, 0.21398283270272342, 0.19519060308283026]

[Macro Recall]
[0.29031354623416195, 0.500355167384884, 0.6551159506274467, 0.7771462876572847, 0.860522904927298, 0.8667682832911106, 0.8709546559077901, 0.8742600855319091, 0.8779179739543611, 0.8806719396994801]

[Macro Precision]
[0.13863247863247752, 0.12752136752136725, 0.11735042735042697, 0.10967948717948703, 0.10145299145299244, 0.08519943019942973, 0.07347985347985408, 0.06462606837606835, 0.05777777777777857, 0.05222222222222272]

[Macro NDCG]
[0.22675810613673633, 0.3146694886673395, 0.3731679642799237, 0.4174797386056855, 0.4476266948761602, 0.44947204926486944, 0.45077630525315826, 0.45178599674642794, 0.4528579061030886, 0.4536592456618323]

[Micro Recall]
[0.22074033750680458, 0.4060968971148612, 0.5605606967882417, 0.6985574305933587, 0.8077027762656506, 0.8139629831246598, 0.8189983669025586, 0.8232172019597169, 0.8279804028307022, 0.831518780620577]

[Micro Precision]
[0.13863247863247863, 0.12752136752136753, 0.11735042735042735, 0.10967948717948718, 0.10145299145299146, 0.0851994301994302, 0.07347985347985347, 0.06462606837606838, 0.057777777777777775, 0.052222222222222225]

[Micro NDCG]
[0.21052171592675434, 0.29640759667990807, 0.3585888118705737, 0.4096313762381538, 0.44773476585599603, 0.44983114088873516, 0.45145250291961403, 0.4527693191228886, 0.45420688704378875, 0.455253730180892]

