===== Tracker Values =====

[Train Loss Tracker]
[1.0591730533107635, 0.6046464265354218, 0.5164812111085461, 0.43232950039448276, 0.2834050458285116, 0.24622401258637827, 0.21134586584183476, 0.1774775477186326, 0.179272162337457, 0.17215637381999724, 0.15882812176019914, 0.15501057765176218, 0.1585096409243922, 0.18847878613779623, 0.1385873080261292, 0.13405863820545136, 0.1294974658277727, 0.12599516996452886, 0.13721390118476964, 0.11544202772840377, 0.10906110595791571, 0.1100439073578004, 0.10452120630971846, 0.09818183606670748, 0.10093042446720984, 0.09354048823156665, 0.08995149652623842, 0.08697986285833101, 0.08801192357655495, 0.09027398185383889, 0.0923555358763664, 0.08570554503990759, 0.09920562857822064, 0.08664660684524043, 0.09157611525827838, 0.0848693143456213, 0.08676038466153606, 0.08311392279762414, 0.07904148271547691, 0.07757506092950221, 0.08168699376044734, 0.0789695629669774, 0.07486081195454444, 0.0738462692637357, 0.07337201374673075, 0.07818700325104498, 0.07289708766245073, 0.07241546614996848, 0.07242010437673138, 0.07004106231033802, 0.06941328438058976, 0.07180462369034367, 0.06875337840568635, 0.06873678560218503, 0.0691499363991522, 0.07030911022616972, 0.07367031804976924, 0.06832172042660174, 0.06838869591874461, 0.06542353950921566, 0.06808685391179976, 0.06693597306166926, 0.06550110906602875, 0.06456242045087199, 0.06559189216744515, 0.06748681755796555, 0.0667688776889155, 0.06336922901532342, 0.06236794482045356, 0.06230597450367866, 0.06257981518583913, 0.06313335354770383, 0.06290004519565452, 0.060906806532593984, 0.06797797353036943, 0.06179907266050577, 0.06079074157957708, 0.06660260632634163, 0.0770476054280035, 0.07320758700370789, 0.0689869929225214, 0.07085229312219928, 0.06615907170118825, 0.06983890023923689, 0.062337969940516255, 0.0622229403065097, 0.06114244881656862, 0.0603169524261067, 0.06378051590534949, 0.06173472022337298, 0.05916633876040578, 0.05892779494846059, 0.058666322951114944, 0.060675362665807045, 0.058418928405209895, 0.057883767516262105, 0.05978900134082763, 0.0590505514654421, 0.05761750488572063, 0.05729255495562909, 0.06297253528910299, 0.05753344952339126, 0.0603985779227749, 0.05929222270365684, 0.05983783917561654, 0.05881736824108708, 0.056819672981697704, 0.057048232204491095, 0.05703689921046457, 0.05648680641165664, 0.05657485542037795, 0.05745922581803414, 0.05874819332553494, 0.05690100200233921, 0.05617238627746701, 0.055849268499221054, 0.05683317552170446, 0.05573933260635503, 0.05564163450992877, 0.05741171911358833, 0.05599779988669099, 0.05616059160280612, 0.0588881699067931, 0.05650756502103421, 0.07373802748418623, 0.06650463744036612, 0.062036353553975784, 0.059569131913444685, 0.07054539878041513, 0.05890438938513398, 0.06493740853282713, 0.05919433493287333, 0.06199066533196357, 0.05710049742652524, 0.05759525629541566]

[Val Loss Tracker]
[0.3721334825862538, 0.3232177956537767, 0.2899338521740653, 0.25730259174650366, 0.2700453996658325, 0.2279674451459538, 0.21913757513869891, 0.1994659507816488, 0.19729639047926123, 0.18690838326107373, 0.18132837116718292, 0.17544140328060498, 0.17162344401532953, 0.16622764684937216, 0.16692320867018265, 0.16203934089703995, 0.1524248935959556, 0.14047112248160623, 0.14319529316642068, 0.13275464962829242, 0.12609956481240012, 0.12270120260390369, 0.11878278377381238, 0.11619647660038689, 0.1116355298594995, 0.10832126845013011, 0.1070236631415107, 0.10601714592088353, 0.10384441912174225, 0.10072086345065724, 0.10397702116857875, 0.10188654200597243, 0.10810221054337242, 0.10341425240039825, 0.09747256948189302, 0.09928451952609149, 0.10266741500659422, 0.09890867905183272, 0.0979571444067088, 0.0961552695794539, 0.09470695121721788, 0.09344535998322746, 0.09483599865978415, 0.09161001172932712, 0.09199118207801472, 0.09025312486020001, 0.09120928699320013, 0.08939555422826247, 0.08962342888116837, 0.09012007781050423, 0.08760647611184554, 0.08680803396485069, 0.0870314050804485, 0.08674814010208304, 0.0864737636663697, 0.08526304499669508, 0.086790338835933, 0.08524027263576334, 0.08530734614892439, 0.08455595983700319, 0.08437906273386696, 0.0846745642748746, 0.08329121429811824, 0.083308184011416, 0.08252171697941693, 0.08162721043283289, 0.08226648921316321, 0.08161929927088997, 0.08130866966464302, 0.08092926442623138, 0.08102566342462193, 0.08285714753649452, 0.07978770746426149, 0.08012039891698143, 0.07977040382948788, 0.0830141387202523, 0.07913703335957094, 0.07906646416945891, 0.08008160103451122, 0.08664995973760431, 0.08123801174488934, 0.07971085878935727, 0.08071149953387001, 0.07829171825538982, 0.07879064706238834, 0.07771896570920944, 0.07751980017532002, 0.07707811892032623, 0.07669066976417195, 0.07698051021857695, 0.07702741568738763, 0.07741845941001718, 0.07743482156233354, 0.07641352713108063, 0.07639932090585883, 0.07666653936559503, 0.07774211737242612, 0.07619543373584747, 0.07601768184791911, 0.07588723572817715, 0.07811029052192514, 0.07650312171740965, 0.07642126963897185, 0.07623839581554587, 0.07645683058283546, 0.07710955969311974, 0.07625234804370186, 0.07611677998846228, 0.07525002211332321, 0.07543530518358404, 0.0756960768591274, 0.07568397305228493, 0.07565955614501779, 0.07557176459919322, 0.07518452202731912, 0.07505876977335323, 0.07526993751525879, 0.07500649649988521, 0.07497878575866873, 0.07492211596532301, 0.07496970282359557, 0.07433199069716713, 0.07426608421585777, 0.07380870594219728, 0.07325201684778387, 0.07760531184348193, 0.07661355219104073, 0.07704761895266446, 0.07626961374824698, 0.07681447673927654, 0.07498515735973012, 0.07589832151477988, 0.07534243911504745, 0.07467583363706415, 0.07481070472435518]

[Macro Recall]
[0.031332107123672286, 0.0558917082799384, 0.07630902419677651, 0.09417261994384828, 0.11036269279795426, 0.12623898627308391, 0.13898875541704114, 0.15309836336504967, 0.16764984428939395, 0.1810045420917349]

[Macro Precision]
[0.041910041158861246, 0.03908213927565614, 0.03746254791101407, 0.03585802966635519, 0.034900978829980216, 0.03421854588485633, 0.03317035613868173, 0.03244335275405906, 0.032121399797233684, 0.03159159842751368]

[Macro NDCG]
[0.04642562499282421, 0.054394250423088736, 0.06208525863444599, 0.06890549744985007, 0.07529779419123545, 0.08152539245919765, 0.086517984750049, 0.09182620233361297, 0.09734560443961006, 0.10227386452418553]

[Micro Recall]
[0.013451793740347462, 0.02508825388525425, 0.03607286847391719, 0.046037160133433834, 0.05601053537234678, 0.06589840648346404, 0.07452642462613665, 0.08330629652002149, 0.09278955340976837, 0.10139900945541375]

[Micro Precision]
[0.04191004115884608, 0.03908213927562892, 0.03746254791098861, 0.035858029666361105, 0.03490097882995675, 0.03421854588483316, 0.03317035613871489, 0.03244335275407435, 0.032121399797247735, 0.03159159842747369]

[Micro NDCG]
[0.046106280626816286, 0.05210765494513486, 0.05801192415698446, 0.06311373520215835, 0.06829477497430533, 0.07339057575212067, 0.07757670109327915, 0.08189045903932625, 0.0866478763129278, 0.09082548625834759]

