===== Tracker Values =====

[Train Loss Tracker]
[0.6429283253608211, 0.30297664528892887, 0.23802651849485212, 0.19537674779853514, 0.16792866496008732, 0.1725271853708452, 0.14900414729791303, 0.12777005699054797, 0.12757483413142542, 0.12149675469845533, 0.1253536085207616, 0.10997631076362825, 0.1045352838212444, 0.10101142237263341, 0.10039371190472476, 0.08498195765329705, 0.08882625605310163, 0.0874466853213474, 0.08159431148200266, 0.08400691949552105]

[Val Loss Tracker]
[0.3249182782389901, 0.33682733232324774, 0.3034964975985614, 0.2674947570670735, 0.24775297533382068, 0.2517908269708807, 0.2473768009380861, 0.2399090677499771, 0.23483409122987228, 0.2248101383447647, 0.21761192652312192, 0.20285695791244507, 0.20663187043233353, 0.20735820044170727, 0.189126425168731, 0.20095669004050168, 0.1937402283603495, 0.197236643596129, 0.20453687824986197, 0.20398329198360443]

[Macro Recall]
[0.30619343971286, 0.5103030932674799, 0.6540675096097958, 0.7764664870617334, 0.8594162873265045, 0.8661004806360175, 0.8724900867055171, 0.8773359876823822, 0.8811814824042622, 0.8845051526996484]

[Macro Precision]
[0.1446153846153834, 0.12940170940170903, 0.1165811965811961, 0.10927350427350406, 0.10124786324786428, 0.08512820512820467, 0.07354090354090415, 0.06474358974358972, 0.05785375118708533, 0.052282051282051795]

[Macro NDCG]
[0.23410643022944452, 0.31967393321247284, 0.37443247040228694, 0.4188416537299307, 0.4490903245695078, 0.45111913199079257, 0.452925568852859, 0.4542660288078255, 0.4553405798372789, 0.45621718716741816]

[Micro Recall]
[0.23026673924877517, 0.412084921066957, 0.5568862275449101, 0.695971692977681, 0.8060696788241698, 0.8132825258573761, 0.8196788241698422, 0.8247142079477409, 0.8290691344583561, 0.8324714207947741]

[Micro Precision]
[0.14461538461538462, 0.1294017094017094, 0.11658119658119658, 0.10927350427350427, 0.10124786324786325, 0.08512820512820513, 0.07354090354090353, 0.06474358974358975, 0.05785375118708452, 0.05228205128205128]

[Micro NDCG]
[0.21802500852184387, 0.3018407332203161, 0.3601726718534141, 0.41154484734946956, 0.45001984715831916, 0.4524410005787581, 0.4544966615763309, 0.45606335339490073, 0.45738266688232027, 0.4583889585266466]

