===== Tracker Values =====

[Train Loss Tracker]
[1.2925334130564043, 0.8837180031884101, 0.6036130204316108, 0.3949095082859839, 0.28429150629428124, 0.23139951306004677, 0.2236097474252024, 0.18051557902963983, 0.1809006977465845, 0.17344500629171247, 0.15572228450928965, 0.18623547207924626, 0.15663183408398781, 0.1415766982301589, 0.13191953037054308, 0.12476674622526081, 0.12693354277120483, 0.11581993238688747, 0.11678294212587419, 0.10805977087828421, 0.10601945966482162, 0.10400529992916892, 0.10011900192306887, 0.09661005697712573, 0.10990313104083461, 0.09805416916647265, 0.08949355733010077, 0.08475046292428047, 0.08509581163525581, 0.084266745943516, 0.075678349435029, 0.07880949481360373]

[Val Loss Tracker]
[0.7617998394099149, 0.5383665832606229, 0.3221456029198386, 0.23340469734235245, 0.21024032749912955, 0.2028768008405512, 0.19504644789478995, 0.19053961743008008, 0.18240339918570084, 0.17695475979284805, 0.16981083967468955, 0.17313185740600934, 0.16967399553819137, 0.17145323888822037, 0.16644323414022272, 0.1688979132608934, 0.16086747497320175, 0.15546832369132477, 0.1534578414125876, 0.14348271760073575, 0.1507462669502605, 0.14808223328807138, 0.14370195974003186, 0.14318069138310172, 0.1586445773189718, 0.15682514215057547, 0.13857007229870016, 0.1460991711779074, 0.1387806927615946, 0.1448728320273486, 0.14386608654802496, 0.14549491148103366]

[Macro Recall]
[0.2507391981685723, 0.4399875353727841, 0.608387236359071, 0.7427307654992155, 0.8533378198591971, 0.8593931089399233, 0.8630317750194751, 0.8648536234767471, 0.8672555437912846, 0.8695253738245481]

[Macro Precision]
[0.12393162393162288, 0.11457264957264905, 0.11025641025641013, 0.10476495726495716, 0.10008547008547107, 0.08398860398860357, 0.07235653235653296, 0.06353632478632477, 0.056714150047484146, 0.05124786324786372]

[Macro NDCG]
[0.18853539973044237, 0.26754879656484015, 0.3304028307479166, 0.3775827637385992, 0.41566748660991576, 0.4174333788905423, 0.41853280642579116, 0.4191273475353781, 0.4198376278875743, 0.4205204135313094]

[Micro Recall]
[0.19733260751224824, 0.36486118671747414, 0.5266739248775177, 0.6672563962983125, 0.7968154599891126, 0.8023952095808383, 0.80647795318454, 0.8093358737071312, 0.8127381600435493, 0.8160043549265106]

[Micro Precision]
[0.12393162393162394, 0.11457264957264958, 0.11025641025641025, 0.10476495726495727, 0.10008547008547009, 0.08398860398860399, 0.07235653235653236, 0.06353632478632479, 0.05671415004748338, 0.05124786324786325]

[Micro NDCG]
[0.1835706052017297, 0.26101975793249677, 0.32645795226746493, 0.3785451358776294, 0.4238210193825035, 0.4256925727528052, 0.42700327660918586, 0.42789208477512425, 0.4289197046515469, 0.4298858853441202]

