===== Tracker Values =====

[Train Loss Tracker]
[0.7313572033759086, 0.4239515604511384, 0.3873200515104878, 0.37007132124516273, 0.3587149256660092, 0.35429407223578424, 0.3448539626213812, 0.33811059281710654, 0.343469665896508, 0.3371583908315628, 0.3314725123345852, 0.3256443371215174, 0.3612889186028511, 0.3282435372952492, 0.319707894998212, 0.3211792899716285, 0.3451894781281871, 0.3314113357374745, 0.326797483428832, 0.2994500696659088, 0.29156800191248616, 0.28653950388393096, 0.2877094630272158, 0.2785295632577712, 0.28134816884994507, 0.2676858950045801, 0.260248169783623]

[Val Loss Tracker]
[0.5290427885272286, 0.4176496511155909, 0.3792307105931369, 0.3596671751954339, 0.3989894606850364, 0.43134524063630536, 0.3699063035574826, 0.3716389103369279, 0.3901344348083843, 0.349004711617123, 0.37230871482328937, 0.37734339183027094, 0.39350279894742096, 0.37036941810087726, 0.3461541628295725, 0.37031105025248096, 0.33524270220236346, 0.4306058639829809, 0.3412750458175486, 0.3452721590345556, 0.3477490788156336, 0.34502448547970166, 0.36178634654391895, 0.3587416559457779, 0.3490704501217062, 0.35802134465087543, 0.3374178964983333]

[Macro Recall]
[0.01265713499899384, 0.022601502032717786, 0.03762493143483096, 0.04701370733281563, 0.06152631397693563, 0.06974748962974116, 0.09761847340146915, 0.10663450562989397, 0.11954654374599656, 0.1374712835400639]

[Macro Precision]
[0.022346406875063653, 0.022065390477228913, 0.023630707667534293, 0.023878922809532292, 0.023746429928534128, 0.02406117967825414, 0.025641271155780316, 0.025810630381829222, 0.026035136951669636, 0.0269704874082887]

[Macro NDCG]
[0.022454980019607957, 0.02575529090663136, 0.031685660249570466, 0.03542625687452419, 0.040361767441989334, 0.043978654171853905, 0.05323594755446379, 0.05703648087819464, 0.06181361351004115, 0.06831394422658005]

[Micro Recall]
[0.006041642945065475, 0.011931332983643508, 0.019166611312256183, 0.025823914571187226, 0.032100787309964365, 0.03903152500525602, 0.048527167742677534, 0.05582592810590327, 0.06335045366858927, 0.07291823508170744]

[Micro Precision]
[0.02234640687502935, 0.022065390477247596, 0.023630707667524765, 0.023878922809608988, 0.023746429928406455, 0.024061179678305775, 0.02564127115589511, 0.02581063038178954, 0.02603513695176484, 0.026970487408160042]

[Micro NDCG]
[0.023539961386434636, 0.02750179031739208, 0.03283355634581081, 0.0367318102811728, 0.04009113263369418, 0.043929254710807095, 0.04958317564605233, 0.053424527961010014, 0.057367468277264085, 0.06261021763880824]

