===== Tracker Values =====

[Train Loss Tracker]
[0.37409026776590654, 0.3091665304476215, 0.2891601686996798, 0.2651784993227451, 0.2522965664825132, 0.2335553109165161, 0.22364458898382802, 0.21779282294934796, 0.22673094416818312, 0.20738426403653237, 0.19588667064184143, 0.18601091999200084, 0.17768923157165128, 0.18166502925657457, 0.1757894355443216, 0.17513569180042513, 0.20253676608685525, 0.18172163299975858, 0.18560308410275367, 0.18515656984621479]

[Val Loss Tracker]
[0.39272471585057, 0.3683617954904383, 0.3134631717746908, 0.32211560959165747, 0.2833881107243625, 0.29683938216079364, 0.2634929079901088, 0.2898660925301639, 0.27273991162126715, 0.2506166141141545, 0.2354793819514188, 0.23076590353792364, 0.22429054975509644, 0.22147101976654746, 0.20360102436759256, 0.232742885296995, 0.25044797496362164, 0.20730243758721786, 0.21654325046322562, 0.21255263279784808]

[Macro Recall]
[0.010121486480596208, 0.030332927901993014, 0.05064639295998683, 0.07524810680398332, 0.0957724396677726, 0.11255023633774063, 0.12791128516765388, 0.1431942941039169, 0.1583600384530642, 0.17288054343484613]

[Macro Precision]
[0.022184819778119896, 0.026209875383654192, 0.028305420247429318, 0.030092128125464666, 0.030830690021876758, 0.031018212167850473, 0.031067536026864514, 0.031086625199096017, 0.03108226118516027, 0.031016632584812187]

[Macro NDCG]
[0.02133576510139436, 0.02930741768100816, 0.03714997504471149, 0.046263420228294654, 0.053903915651876085, 0.060267665187625344, 0.0661369944304992, 0.07188047998242807, 0.0775015684690076, 0.08283457099373119]

[Micro Recall]
[0.005997955763063579, 0.01417236422736564, 0.02295822010687258, 0.03254319938027683, 0.04167739849698781, 0.05031707256406304, 0.05879659877109169, 0.06723740093700638, 0.07563145724106962, 0.08385751699717049]

[Micro Precision]
[0.0221848197780899, 0.02620987538368931, 0.02830542024741112, 0.030092128125546985, 0.03083069002172994, 0.031018212167913967, 0.031067536027000506, 0.031086625199048836, 0.031082261185275628, 0.031016632584667796]

[Micro NDCG]
[0.023177067543667766, 0.03119117093578615, 0.0378128161299069, 0.04431563175978208, 0.049784343278494014, 0.0545487913226188, 0.059052675042402046, 0.06344566274108376, 0.0677565005021268, 0.07192286231604265]

