===== Tracker Values =====

[Train Loss Tracker]
[0.5299244524250107, 0.13763529999602225, 0.11662678997362813, 0.10281573260022749, 0.09832740286665578, 0.09175370261073112, 0.08747229836280307, 0.08455487653132408, 0.09070908782943603, 0.08330908665553696, 0.08027267245756041, 0.07780944856424485, 0.07604865213074992, 0.0748113430041309, 0.07454671554507748, 0.0732586162104722, 0.07323708938014123, 0.0768821676892619, 0.07297731133838815, 0.07076645532863275, 0.07144244976582066, 0.07262609850975775, 0.07131524269859638, 0.06904257526020369, 0.06968707399022195, 0.06805615070005579, 0.06657301616524497, 0.06899448940830846, 0.06801082710585286, 0.07140820401330147, 0.07576452724395259, 0.0694647766649723, 0.0668875465710317, 0.06583604517002259, 0.06488944145460282, 0.0633577830608814, 0.06709340298848768, 0.06496195050497208, 0.06180523792582174, 0.07546426548111823, 0.06511585186085393, 0.06269402741905182, 0.059910964100591595, 0.05755290247578805, 0.056647986406460404, 0.059112779796123505, 0.057541348460701205, 0.05635046460215123, 0.05575516399356627, 0.055292845974045414, 0.05718339438880644, 0.05847508532385672, 0.05623746567195462, 0.056521313685563304, 0.057160002810339776, 0.054056000400094256, 0.05259678773431768, 0.05291340932730706, 0.05210231442845637, 0.0685679707075319, 0.06665981729184428, 0.05841353968266518, 0.058068046406392126, 0.05581659294905201]

[Val Loss Tracker]
[0.11860664121129295, 0.09577521817250685, 0.10755834186618979, 0.10502836650068109, 0.09819589419798418, 0.09516562318260019, 0.08994862640445883, 0.0969416316259991, 0.09249005331234499, 0.08823238110000436, 0.09113771603866057, 0.0902336605570533, 0.09191337295553902, 0.08688277548009699, 0.08265757492997429, 0.08737406066872856, 0.08534188907254826, 0.08301515267653899, 0.08076995001597838, 0.08233334191820839, 0.08057352223179558, 0.07749092985283244, 0.0814001126722856, 0.08069693161682649, 0.0788135515017943, 0.07588639584454623, 0.07768285748633472, 0.07477688518437473, 0.07799046960743991, 0.07747169922698628, 0.07855138318105177, 0.07766528088938106, 0.07456290044567802, 0.07371078634803946, 0.07267694175243378, 0.07310442355546085, 0.0684280822222883, 0.0706190053712238, 0.06788895414634184, 0.0673080865632404, 0.06786702911962163, 0.0679340430281379, 0.06702556054700505, 0.06611100381070917, 0.06566756591200829, 0.06447791274298321, 0.06565885245800018, 0.06440600244836374, 0.06395934217355469, 0.06305656311186877, 0.0647011741318486, 0.06475204127756032, 0.06539363007653844, 0.06297442791136829, 0.06334293498234315, 0.06295296583663333, 0.062259218909523704, 0.06212959235364741, 0.06167451055212454, 0.062443105673248116, 0.06367122280326756, 0.06332291493361647, 0.06305768916552718, 0.06200571290471337]

[Macro Recall]
[0.02298360120143352, 0.04548997793217717, 0.06930806537968887, 0.09652913700311669, 0.12015806034716404, 0.14334596732349025, 0.16496309597089573, 0.18490062211657202, 0.2037521371144748, 0.22139795051130354]

[Macro Precision]
[0.03666274970623578, 0.03690545769992766, 0.03702183859254219, 0.03782876320435349, 0.037946364301959905, 0.03791494658785829, 0.03779450811088651, 0.03751545763836458, 0.03722465921417637, 0.03680142241038931]

[Macro NDCG]
[0.03937534069989778, 0.047245079514476755, 0.05623473850338662, 0.06661837111772326, 0.07568945106869204, 0.08440098219777152, 0.09252926638998381, 0.09994431458648538, 0.10693302645254435, 0.11335874424363519]

[Micro Recall]
[0.011767579638801338, 0.02369096241116111, 0.035648507340815705, 0.04856733193354058, 0.06089789602579579, 0.07301697069341083, 0.08491586729522403, 0.09633017468315587, 0.10753141289350905, 0.11812089177843255]

[Micro Precision]
[0.036662749706227966, 0.03690545769990341, 0.03702183859251922, 0.037828763204360745, 0.03794636430192998, 0.03791494658783527, 0.03779450811092058, 0.03751545763838047, 0.03722465921418801, 0.036801422410345695]

[Micro NDCG]
[0.04028552978483604, 0.04806794049207023, 0.05552369300696561, 0.06349069774358741, 0.07056931059338051, 0.07726314174395192, 0.08365012757475776, 0.08959721483852588, 0.09532705570475976, 0.10061026576987855]

