===== Tracker Values =====

[Train Loss Tracker]
[1.2884965692797015, 0.8894387522051411, 0.7341710944329539, 0.6674794900801874, 0.6057080770692518, 0.5938353615422403, 0.5653479753002044, 0.520177052867028, 0.5076425440849797, 0.4883654857835462, 0.4620736395159075, 0.4462504982948303, 0.4180879150667498, 0.3969855366214629, 0.3629888906594246, 0.3735966153683201, 0.3465202892980268, 0.32849698393575605, 0.3219346317552751, 0.29639083555629175, 0.2955760071354528, 0.29240606292601556, 0.2893850024669401, 0.27879762409194825, 0.2827558450160488, 0.2682423675733228, 0.2653371206214351, 0.2581151036485549, 0.25487725580892256, 0.25633744655116913, 0.2526785688054177, 0.2608234493001815, 0.2448627718033329, 0.24350676132786658, 0.24065055433780916]

[Val Loss Tracker]
[0.9920383854345842, 0.6422722610560331, 0.5831489915197546, 0.6085213422775269, 0.5812244306911122, 0.590453565120697, 0.6084280014038086, 0.6290716095404192, 0.5642152889208361, 0.5949758562174711, 0.556533466685902, 0.5547197948802601, 0.5746465840122916, 0.5662684413519773, 0.5285801887512207, 0.5360448414629156, 0.5353218858892267, 0.5352581739425659, 0.51942655173215, 0.5219745581800287, 0.5340555879202756, 0.5128505744717338, 0.5208882039243524, 0.4975851990959861, 0.4910363202745264, 0.5145085995847528, 0.5027077170935544, 0.5366803028366782, 0.5063392438671805, 0.5254106629978527, 0.557006911797957, 0.5469924401153218, 0.53157562288371, 0.5274976789951324, 0.5285405489531431]

[Macro Recall]
[0.026844901601040666, 0.0494557213654545, 0.0683846646587202, 0.08725091100767113, 0.10159770364599428, 0.11492722117894759, 0.12835986909531236, 0.1456363414668282, 0.15649278261091062, 0.16804067447539575]

[Macro Precision]
[0.037213114754098386, 0.03393442622950827, 0.03300546448087435, 0.03217213114754103, 0.0312131147540982, 0.030382513661202287, 0.03007025761124121, 0.02995901639344258, 0.029781420765027312, 0.029213114754098258]

[Macro NDCG]
[0.04418127503115338, 0.049992216811673575, 0.05721490091584594, 0.06411416864603584, 0.06967849146781825, 0.07473098144991962, 0.07997739343346898, 0.08618522350364302, 0.09058025236870718, 0.09477919764710072]

[Micro Recall]
[0.011118185825537542, 0.020277219963755692, 0.0295831904785228, 0.038448351863643045, 0.0466278101582015, 0.05446441690747906, 0.06288876916295244, 0.07160699417152373, 0.0800803252191801, 0.08728020767007885]

[Micro Precision]
[0.03721311475409836, 0.033934426229508194, 0.03300546448087432, 0.032172131147540986, 0.03121311475409836, 0.030382513661202187, 0.030070257611241217, 0.029959016393442624, 0.029781420765027322, 0.029213114754098362]

[Micro NDCG]
[0.044038519369128004, 0.04790931273371887, 0.05291102535020639, 0.0576774383984764, 0.06183515268415275, 0.06576207354942734, 0.07010828500071503, 0.07454177137879772, 0.07879219256739196, 0.08226164947405303]

