===== Tracker Values =====

[Train Loss Tracker]
[0.8066368949028754, 0.4996302829634759, 0.4299314473905871, 0.3908457361882733, 0.3608600545314051, 0.3399480361371271, 0.35125197998939023, 0.3239237618061804, 0.3171451005243486, 0.3006424794514333, 0.32323733356691176, 0.3113188349431561, 0.3060359541446932, 0.28825607997996194, 0.2803053197360808, 0.29336113122201735, 0.2757528359370847, 0.27437536562642745, 0.2713999575184238, 0.26496023083886794, 0.2589747115008293, 0.2515259634463056, 0.2494801143484731, 0.2490397446578549]

[Val Loss Tracker]
[0.5560525818304582, 0.520500435070558, 0.5069286145947196, 0.49639546600255097, 0.4925233748826114, 0.4887982525608756, 0.48234795982187445, 0.48851496252146637, 0.48645357381213794, 0.4865671558813615, 0.4840920567512512, 0.4905802715908397, 0.48486511273817584, 0.4860548837618394, 0.48372849551114167, 0.47934274781833996, 0.4864722056822343, 0.4817110923203555, 0.4790318716656078, 0.48227648572488263, 0.48566526716405695, 0.4808205447413705, 0.4821301915428855, 0.48006523468277673]

[Macro Recall]
[0.0014623619165027683, 0.0025393440306709023, 0.0034920824861897682, 0.004335748623157911, 0.005156955063246582, 0.00591634292351078, 0.006615565612862104, 0.007278697778230161, 0.00788886444792564, 0.008499463778450412]

[Macro Precision]
[0.0012463827283533944, 0.0012085589750362898, 0.0011627301945621598, 0.0011215043047033818, 0.0010876430398290117, 0.0010606660983097029, 0.001034878475110992, 0.0010069823849378214, 0.0009852854259141412, 0.0009656464259555411]

[Macro NDCG]
[0.0016491150752369664, 0.0020520831376120976, 0.002385962678769824, 0.002673480380233732, 0.002943621100003506, 0.0031901965339110336, 0.003413159189220955, 0.0036160560821788543, 0.0038035597217173007, 0.003986232694145264]

[Micro Recall]
[0.0007972729884218757, 0.0015461565758123658, 0.0022312890475583323, 0.002869568289734227, 0.003478660274145159, 0.004070854372481639, 0.004633861213053156, 0.0051530871669772296, 0.005672313120901303, 0.006176945445942894]

[Micro Precision]
[0.0012463827283534059, 0.0012085589750363227, 0.001162730194562185, 0.0011215043047033536, 0.0010876430398290126, 0.0010606660983097384, 0.0010348784751109412, 0.001006982384937741, 0.0009852854259141408, 0.0009656464259555001]

[Micro NDCG]
[0.0016574470252860715, 0.0021011857069372377, 0.002464873449353725, 0.0027856118561784852, 0.003079634795852254, 0.003357000853191727, 0.003612741543464977, 0.003841802704215688, 0.00406752407874784, 0.004282902042545519]

