===== Tracker Values =====

[Train Loss Tracker]
[0.43606050120246026, 0.33276514180244937, 0.3243651149734374, 0.31005576925892986, 0.2848764821406334, 0.27121942129827314, 0.2642638375682215, 0.27396887156271166, 0.2665151362457583, 0.2539870123709402, 0.2382330495503641, 0.2291478526688391, 0.2240520941634332, 0.21209713720506237, 0.20609874206204568, 0.1972148967606406, 0.18373900760085352, 0.1756502014975394, 0.17626029253005981, 0.18227098449583976, 0.1940261500497018, 0.17451926368859508, 0.16598321930054696, 0.1629814322917692, 0.16467865436307846, 0.15488866884862224, 0.15484578186465847, 0.15080773391790928, 0.14935029274032963, 0.14219687001839762, 0.14444909605287737, 0.16002267551037572, 0.15382712646838156, 0.14934147605972906, 0.14313218261926405, 0.14109168898674748, 0.14163153738744796, 0.1410919146672372, 0.13794630080942186, 0.15116784168827918, 0.1516131201098042, 0.14771370878142695]

[Val Loss Tracker]
[0.4393844509666616, 0.3402831378308209, 0.40203678743405774, 0.33678958090868866, 0.32154341583902185, 0.3029431321404197, 0.31589233062484046, 0.3069417476654053, 0.2957144636999477, 0.2869322882457213, 0.2672334205020558, 0.2636828110976653, 0.2521088475530798, 0.2331876199353825, 0.2235996357419274, 0.2207018042152578, 0.21752218089320444, 0.207494395700368, 0.21106270226565274, 0.23312690583142368, 0.24012697420336984, 0.2053059000860561, 0.19766315817832947, 0.19941564175215634, 0.1900050247257406, 0.18866065550934186, 0.19279499893838709, 0.18699980188499798, 0.1808942420916124, 0.1800107088955966, 0.20086139711466702, 0.1937096593054858, 0.18524223430590195, 0.1791493364355781, 0.17723165317015213, 0.17689469863067975, 0.17287389527667651, 0.1762316877191717, 0.17455448345704513, 0.1769551526416432, 0.17825435237451034, 0.17537375471808694]

[Macro Recall]
[0.023961954116994876, 0.04586462654999088, 0.06626025375815084, 0.08613288864031819, 0.10614192017539957, 0.1258309213460956, 0.14435383738298033, 0.16044291434035868, 0.17414432347174041, 0.1871683671602454]

[Macro Precision]
[0.036683259406042244, 0.0374307865042849, 0.037894557837637996, 0.03810835300693653, 0.03825276747273734, 0.0382619176708826, 0.03816132850863626, 0.03785938187072192, 0.0374450407014115, 0.037043852646302645]

[Macro NDCG]
[0.03707713062579841, 0.04513099519084927, 0.05282347707368488, 0.060344807243043246, 0.06785818511201847, 0.07517332458444104, 0.08208977778449197, 0.08819115897138588, 0.0935462606932955, 0.09863011039464332]

[Micro Recall]
[0.00991779826759836, 0.02023980396286024, 0.030735865854843017, 0.04121236373797686, 0.05171067635664138, 0.062067654881881, 0.07222189487294273, 0.0818862266896133, 0.09111380210814603, 0.10015289359481852]

[Micro Precision]
[0.03668325940599132, 0.03743078650438228, 0.037894557837650146, 0.03810835300697151, 0.03825276747253873, 0.03826191767098277, 0.03816132850879413, 0.03785938187065348, 0.037445040701543676, 0.03704385264622885]

[Micro NDCG]
[0.03842521612028491, 0.04623510671008182, 0.05292059911197053, 0.058985693162818195, 0.06475966675959455, 0.07023307355084085, 0.07545095045729065, 0.08026339542613262, 0.08477038225755891, 0.08916552800341729]

