===== Tracker Values =====

[Train Loss Tracker]
[0.27008285199201876, 0.19103758661977707, 0.17296828161324224, 0.1537925537315107, 0.18640936478491751, 0.13932999151368294, 0.13607190837783198, 0.13425035212909983, 0.16749302562206023, 0.12970956871586461, 0.14193385683240428, 0.126263813506211, 0.11669531048485829, 0.11169660037323352, 0.10943379438653679, 0.10527941824928407, 0.10340856592501363, 0.11271301032074037, 0.10833335106050776, 0.09932385709497236, 0.0947151075928442, 0.09118580085135275, 0.08893552629817877, 0.0845374581253817, 0.10107356237788354, 0.13299629344574868, 0.10637424994380243, 0.09375529527108395, 0.0885436263295912]

[Val Loss Tracker]
[0.22078169746832413, 0.2093340280381116, 0.1996975622393868, 0.18454904041507028, 0.17965508726510135, 0.16777987100861289, 0.1689797111532905, 0.16442886672236703, 0.15920961580493234, 0.1563817777416923, 0.16868958554484628, 0.15303891897201538, 0.14056176218119534, 0.13770566067912363, 0.1375160962343216, 0.12796810946681283, 0.13054557144641876, 0.13227502459829504, 0.12910185076973654, 0.11976221881129524, 0.11854276331988248, 0.11067254164002159, 0.10858879509297284, 0.1033417209982872, 0.30697662992910907, 0.14932244338772513, 0.11651379411870783, 0.10898364741693843, 0.10672279785979878]

[Macro Recall]
[0.029626512785189615, 0.05330099466213343, 0.07812085178346388, 0.09990582606988986, 0.12004498132496906, 0.140934969966888, 0.1594866390111332, 0.17814678699506187, 0.1946542417559588, 0.2107096342195271]

[Macro Precision]
[0.041436929759274356, 0.039226102952512026, 0.03873135598610765, 0.037823687561899175, 0.03703607089906382, 0.03674037114740502, 0.03623375904273901, 0.035771359226271296, 0.035229607025633936, 0.034746925391174834]

[Macro NDCG]
[0.04588985182578658, 0.053766713788495804, 0.06317767903331326, 0.07141381953457925, 0.0790575275688221, 0.08695259398468157, 0.09394638701876835, 0.10078612750692807, 0.10687005793344151, 0.11272323282838576]

[Micro Recall]
[0.01329993998913525, 0.02518066943215583, 0.037294609902720786, 0.04856081545266932, 0.059437019495928486, 0.07075496195461252, 0.08140921071001403, 0.09185177257165808, 0.10176827670478544, 0.11152660807494665]

[Micro Precision]
[0.04143692975926074, 0.03922610295248583, 0.03873135598607941, 0.03782368756190746, 0.037036070899034705, 0.0367403711473823, 0.036233759042773386, 0.03577135922628752, 0.035229607025646176, 0.03474692539113208]

[Micro NDCG]
[0.045774676484251736, 0.05222061513488446, 0.0593816895335293, 0.06556913268363125, 0.07135872713859007, 0.07742189750248755, 0.08293073072167932, 0.08824397656364585, 0.09317626628920196, 0.09797763167981281]

