===== Tracker Values =====

[Train Loss Tracker]
[0.30076725666801774, 0.13558642567706206, 0.12121539322599288, 0.09747514957862516, 0.08932803781522859, 0.08025373314176837, 0.07498425227259436, 0.07151464234677053, 0.06795639457601693, 0.0727238328226151, 0.0696374824450862, 0.06399560275097047, 0.06079829466198721, 0.059243207962642756, 0.057157750125043094, 0.06712064843985342, 0.06353664043689927, 0.06056048709057992, 0.05660359930780326, 0.05416964250616729, 0.05283875883586945, 0.05237219272361648, 0.05108508786126491, 0.05003358952460751, 0.05223415467527605, 0.055199464662901813, 0.05054306860772833, 0.048637657336169676, 0.04971237961323031, 0.05364042388335351, 0.05277774855494499, 0.07897721615529829, 0.05733043892729667, 0.058005926589812004, 0.06593155824849682, 0.052951000811111544]

[Val Loss Tracker]
[0.6333944364027544, 0.1158368939703161, 0.10059996084733443, 0.10057884454727173, 0.09141162647442384, 0.0840264152396809, 0.08123819530010223, 0.07716091519052332, 0.0739344758066264, 0.07160885361107913, 0.07466889308257536, 0.07165152105418118, 0.06865327060222626, 0.06842255998741496, 0.06766801192001863, 0.06762512570077722, 0.0730553621595556, 0.06754213368350809, 0.06700852039185437, 0.06595457650043747, 0.06516537002541802, 0.06388549168001521, 0.06306145170872862, 0.06256188452243805, 0.06389796632257375, 0.06476318192752925, 0.061947841197252274, 0.06167053769935261, 0.06256234002384273, 0.06303926997564056, 0.060696510090069336, 0.06226703253659335, 0.07089697366411035, 0.06512589955871756, 0.06547939709641716, 0.06412050331180746]

[Macro Recall]
[0.02517221794055294, 0.04780070963486086, 0.07014097320039496, 0.09479898604189346, 0.11911241976583661, 0.1417951152549623, 0.16672309836932978, 0.18895448293069808, 0.2088067781634679, 0.22634318722039068]

[Macro Precision]
[0.03630837757858712, 0.03644988033790693, 0.03661763288444269, 0.037017275641216284, 0.03719098565903246, 0.03707136455830057, 0.03729054735197337, 0.037169083492765334, 0.03686591212199029, 0.036423979180681375]

[Macro NDCG]
[0.03903780152700144, 0.04756426830529772, 0.05638524263493127, 0.06593898374492724, 0.07518123704771203, 0.08367597378911201, 0.09281073115405468, 0.1008742377892088, 0.1080751487665989, 0.11445697954696074]

[Micro Recall]
[0.011653837427230161, 0.023398510648423416, 0.03525929571059558, 0.04752548487060737, 0.05968563311462312, 0.07139239226529265, 0.08378357937656235, 0.0954407737787868, 0.10649509496586056, 0.11690941874372912]

[Micro Precision]
[0.03630837757858017, 0.03644988033788398, 0.03661763288442096, 0.03701727564122283, 0.03719098565900296, 0.03707136455827555, 0.03729054735200877, 0.03716908349278028, 0.036865912122001354, 0.0364239791806375]

[Micro NDCG]
[0.03922493719773583, 0.04701200321838303, 0.05446813900582251, 0.06191367534933384, 0.0689263782554095, 0.07536798003109824, 0.08214587546935448, 0.08828291102814205, 0.09394149126779329, 0.09913523283377895]

