===== Tracker Values =====

[Train Loss Tracker]
[0.4381956837831005, 0.2459162925520251, 0.18512629561366573, 0.16074879323282548, 0.13996730552565667, 0.13385514242033805, 0.12304259013504751, 0.11957572304433392, 0.11768154295221452, 0.11152474954724312, 0.1116461732214497, 0.1062015859830764, 0.10314886763151135, 0.10309135312995603, 0.1021241319756354, 0.09781539776632862, 0.09651507437229156, 0.09376057549830406, 0.09348628525772402, 0.08895588762337162, 0.08610853636937757, 0.08264629861279842, 0.08153879582401245, 0.07986815353374808, 0.07714428458242648, 0.07623194969229159, 0.0752956076495109, 0.07399345243409756, 0.07268979610694994, 0.07166037083633485, 0.07174150177067326, 0.07049939051390655, 0.06983698165464786, 0.07122739909156676, 0.07246863072918307, 0.07166889550224427, 0.07067513537983741, 0.07285949439110775, 0.06893779346418957, 0.08064126415598777, 0.08047456174127517, 0.07275590937464468, 0.06839736554050638, 0.06641655364975092, 0.06521653263799605, 0.06639032570585128, 0.07182717371371485, 0.06557678869895396, 0.06593064266827799, 0.06527250728780223, 0.06534847593115221, 0.06863222823989007, 0.06469420007159633, 0.0640900095383967, 0.06225862017562313, 0.06130202409000166, 0.0603250793872341, 0.06063999908585702, 0.06011204193195989, 0.08539435291482557, 0.08029800124706761, 0.07160719724432114, 0.0698802969869106, 0.06426202283511238, 0.0626113343863718, 0.06498129665851593, 0.061720995157356226, 0.0641662995180776, 0.10355713963508606, 0.06685756495402705]

[Val Loss Tracker]
[0.3295197541063482, 0.24638784744522788, 0.20610675622116437, 0.1813761524178765, 0.1734636209227822, 0.16563121297142722, 0.15733700855211777, 0.14947107976133173, 0.14500567994334482, 0.1458658982406963, 0.1432204002683813, 0.13954313641244714, 0.1387604840777137, 0.1312054287303578, 0.13119362430139023, 0.130986519835212, 0.12410208921540868, 0.1209869913079522, 0.11869777874513106, 0.11623394421555779, 0.11305224353616888, 0.1148728985678066, 0.11114598268812353, 0.10515787384726784, 0.10505685887553474, 0.10220927474173633, 0.1001866412433711, 0.10112438892776315, 0.09810415316711772, 0.09934636273167351, 0.0972357385537841, 0.09726916050369089, 0.09530431032180786, 0.09120350805195895, 0.09548491713675586, 0.09371547333218834, 0.09289662810889157, 0.09231043539263985, 0.09074510769410567, 0.08837063881483945, 0.09531372446905483, 0.09115667844360525, 0.08855384114113721, 0.08661869710141962, 0.08693299307064577, 0.08534658767960289, 0.08536919545043599, 0.08665944094007666, 0.08591895279559222, 0.08516968380321156, 0.08511582287875089, 0.08458240668882024, 0.08430254865776408, 0.08313894000920383, 0.08247684619643471, 0.08239261873743751, 0.08245786482637579, 0.0814000049775297, 0.0817660005255179, 0.07834659584543922, 0.08900038085200569, 0.08619744330644608, 0.08668782765215094, 0.0824375335465778, 0.0823300304737958, 0.08083077723329718, 0.08097804066809741, 0.08009954203258861, 0.079746659506451, 0.0855287340554324]

[Macro Recall]
[0.03126582804958687, 0.055983458995028074, 0.07608921844375326, 0.0936348336305551, 0.10962423674932263, 0.12445295019001518, 0.1375838580583589, 0.1521661564988277, 0.16581144383853347, 0.17885600306962846]

[Macro Precision]
[0.04174700537096819, 0.03915135258183775, 0.03728413138841298, 0.035705298970715636, 0.03462301819235565, 0.03382315846465681, 0.03293867832903871, 0.03238775139809308, 0.03181385346191559, 0.03122393734507827]

[Macro NDCG]
[0.04633844726911334, 0.05446376773303851, 0.06196134363533024, 0.06869719708572865, 0.0749453988417953, 0.08081368003008635, 0.08595349093299158, 0.09147278766890857, 0.09658052782141127, 0.10137042808581023]

[Micro Recall]
[0.01339946442426003, 0.02513268443664924, 0.035901070341856564, 0.04584107329994394, 0.05556445263634107, 0.06513696556711254, 0.07400589603290468, 0.08316352634820559, 0.09190113985098586, 0.10021893401036279]

[Micro Precision]
[0.04174700537095256, 0.03915135258181013, 0.03728413138838816, 0.035705298970721236, 0.03462301819233301, 0.03382315846463354, 0.03293867832907214, 0.03238775139810878, 0.03181385346192995, 0.031223937345039098]

[Micro NDCG]
[0.04601041749451199, 0.05217948646757042, 0.05785162522246693, 0.06294658615244433, 0.06793436814283278, 0.07281253470529903, 0.07718313976093778, 0.08175225791451661, 0.08603581023586393, 0.09004447160673291]

