===== Tracker Values =====

[Train Loss Tracker]
[0.414503465737066, 0.2412461924456781, 0.21102136373519897, 0.19155908159671292, 0.17530131652470557, 0.16766738122509373, 0.1648359678445324, 0.149911010938306, 0.1408922412703114, 0.1370067728623267, 0.13448116447656386, 0.12900474379139562, 0.13107102676745383, 0.13406409419352008, 0.12390257562360456, 0.12502097771052392, 0.12291917084686217, 0.120781505540494, 0.11441168561577797, 0.11185957993861408, 0.11494594235574046, 0.12920572512572812, 0.12171227076361256, 0.11629328780597256, 0.11221030030039049, 0.10987429452999946, 0.11372409232201115, 0.12108154186317997, 0.11215456310779817, 0.11202691471384417, 0.11054402421559056, 0.10576896243278057, 0.1042335040026134, 0.10460955313136501, 0.10405894609228257, 0.1070502340312927, 0.10720635590053373, 0.10282093370633741, 0.10462636380426345, 0.10665176015707754, 0.11076518172217954, 0.1100700012137813, 0.10622283648098668, 0.10932616865442644, 0.1030905656516552, 0.10602572079627745, 0.10494582186783513, 0.10191625356674194, 0.10600824870409505, 0.10264225448331525, 0.10114812009757565, 0.09932224152068939, 0.0993574094628134, 0.09766767041817788, 0.10016673442817503, 0.1000865628161738, 0.09986984657664452, 0.09792302482791486, 0.09781162681118134, 0.0992436988219138, 0.10417514414556565, 0.10081742776017036, 0.10029272711084734, 0.10151682481650383, 0.09774857113558438]

[Val Loss Tracker]
[0.6670285951007496, 0.32941838015209546, 0.2164287810975855, 0.2092327963222157, 0.20552769167856735, 0.20055016468871723, 0.19331442226063122, 0.17889232527125964, 0.1729012673551386, 0.16717948561364954, 0.16450037536295978, 0.16198166392066263, 0.15932416306300598, 0.1578040678392757, 0.16306525739756497, 0.1521410738879984, 0.15477743473919955, 0.15316141870888797, 0.15002025596120142, 0.14757743003693494, 0.14722117375243793, 0.1507826339114796, 0.15150506049394608, 0.1485661349513314, 0.1460842029614882, 0.14465495537627826, 0.14248359135606073, 0.14706521345810455, 0.14429751986807043, 0.14241511103781787, 0.1407592310146852, 0.1395805925130844, 0.1386132694103501, 0.13826372000304135, 0.13982671160589566, 0.13763036849823865, 0.13857228783043948, 0.13836738534949042, 0.13701489161361347, 0.13679197904738513, 0.13565085963769394, 0.1397000097415664, 0.1364202614534985, 0.13556863232092423, 0.13789842210032724, 0.13606324859640814, 0.136095098473809, 0.13592621142213995, 0.13510651005940003, 0.13620533523234454, 0.13687340441075238, 0.13477906923402438, 0.13391507958823984, 0.13523075526410883, 0.13329483365470712, 0.13346624171191995, 0.1313386383381757, 0.137153490700505, 0.13114218549294906, 0.13110337067734112, 0.13817861811681229, 0.13316291773861105, 0.13282085345550018, 0.13295215300538324, 0.1339384060014378]

[Macro Recall]
[0.01639890850172289, 0.03619861754374155, 0.05624302447772391, 0.0792105602256093, 0.10287303958488284, 0.12180528111962323, 0.1398087053371804, 0.15673386060629604, 0.17275824061018596, 0.18836244363518503]

[Macro Precision]
[0.025338009469001353, 0.02797676731879816, 0.029424078256265637, 0.03089483390885958, 0.03194310085014445, 0.03220805815136155, 0.03238926298095093, 0.03246096935186201, 0.03245346277365515, 0.032428289055345685]

[Macro NDCG]
[0.025926917870528306, 0.03379479002892242, 0.04156513843544067, 0.050287921905789, 0.05904820753991896, 0.0661421108638823, 0.07288306558507182, 0.07920765678546128, 0.0851699858288915, 0.09093002432426098]

[Micro Recall]
[0.006850461776976417, 0.015127768848292191, 0.02386555151431488, 0.03341128734814015, 0.04318117247509008, 0.05224721497100285, 0.061298021778608484, 0.07020997606323319, 0.07896795755845094, 0.08767411462904821]

[Micro Precision]
[0.02533800946896119, 0.02797676731884955, 0.02942407825625394, 0.030894833908956237, 0.031943100849986555, 0.032208058151432226, 0.0323892629810944, 0.03246096935181588, 0.03245346277377664, 0.032428289055195764]

[Micro NDCG]
[0.026782551850171164, 0.0340517196339476, 0.040227444153263785, 0.04646289272288683, 0.05237361222747853, 0.05736624066817891, 0.06220405822104999, 0.06684694982971028, 0.07133011472167983, 0.07574632142748063]

