===== Tracker Values =====

[Train Loss Tracker]
[0.27558782792860465, 0.18589346279059688, 0.17188812254537497, 0.15830988376852004, 0.18388657608339865, 0.17142909621038743, 0.15254108697897004, 0.18667994151192327, 0.13972378534174734, 0.13563492713916686, 0.1747126401432099, 0.1258864077980463, 0.12278231858245788, 0.12040467452137701, 0.1213636306985732, 0.11456042038034572, 0.11016600350699117, 0.10876407582432993, 0.10888131454046215, 0.10069936288580779, 0.1039907377093069, 0.11955600829734918, 0.10744014935382086, 0.10282736127415011, 0.09989621442171835]

[Val Loss Tracker]
[0.22686645117673007, 0.20471621237017892, 0.195331718433987, 0.18563152307813818, 0.19599050689827313, 0.20849403603510422, 0.18925779651511798, 0.17597615312446246, 0.17836535247889432, 0.17225057022138077, 0.16416337544267828, 0.1558504348451441, 0.15356264872984451, 0.14933842691508206, 0.1508240740407597, 0.13849930600686508, 0.1360279457135634, 0.14376349611715836, 0.13284400376406583, 0.1240016133947806, 0.14988777041435242, 0.14942393655126746, 0.1313607103445313, 0.12676883624358612, 0.12582919949834998]

[Macro Recall]
[0.030900364803670727, 0.05575591441558375, 0.07967334828819023, 0.10099428188297037, 0.1228843090568924, 0.14196720276642588, 0.15917411453709707, 0.17656880245821607, 0.1931086277554661, 0.20912910018765907]

[Macro Precision]
[0.04173531601258922, 0.03930485231421216, 0.038487520071886244, 0.03769664269322028, 0.03747103807657722, 0.0369261704226644, 0.036199130417170204, 0.0356798438547654, 0.03514908033458998, 0.03469819922362347]

[Macro NDCG]
[0.04647743743795728, 0.05476901222923061, 0.06388115416091325, 0.07209834117028152, 0.08055451723972139, 0.08790917147927602, 0.09442116819646708, 0.1009179253709116, 0.10701860119054833, 0.11288672237545647]

[Micro Recall]
[0.013395712511031119, 0.025231221526187467, 0.03705981912223792, 0.04839770596177037, 0.060135072825623116, 0.07111277599518018, 0.08133140787779347, 0.09161678432205791, 0.101535658084593, 0.11137021253403627]

[Micro Precision]
[0.04173531601257529, 0.039304852314185346, 0.038487520071858794, 0.03769664269322817, 0.03747103807654684, 0.03692617042264208, 0.03619913041720463, 0.035679843854781255, 0.035149080334602754, 0.034698199223580514]

[Micro NDCG]
[0.04613326039029633, 0.05243432298658194, 0.05925431102221043, 0.06552107709284052, 0.07202261075334258, 0.07781644852418172, 0.08300552377536333, 0.08821150255803605, 0.09314566604144466, 0.097993650695242]

