===== Tracker Values =====

[Train Loss Tracker]
[0.30098324281073385, 0.17770051265195494, 0.162958130721123, 0.1512121191668895, 0.141659609492748, 0.13263262447810942, 0.12728237568010245, 0.12052685338553161, 0.1129700937759011, 0.10860269468638205, 0.11365655365009461, 0.10065572937169383, 0.09416119004749963, 0.08910852210829034, 0.0864902890978321, 0.1076863325809339, 0.09059255125166307, 0.08429734132462932, 0.07968040180182265, 0.07958946515235209, 0.07735265647211383, 0.07439583251553197, 0.07204603656165061, 0.0750342184497464, 0.0760844172008576, 0.06966483641055322, 0.06777414858844431, 0.06536039534295278, 0.06374953672169678, 0.06205095289154879, 0.08423720420368257, 0.11099557602597822, 0.08459321393315951, 0.08200222013458129, 0.07682796759951499]

[Val Loss Tracker]
[0.23699619282375683, 0.20499166981740433, 0.19369637830690903, 0.18167977170510727, 0.17082444917071948, 0.16494564576582474, 0.1648454557765614, 0.144183488054709, 0.13450619713826614, 0.1468115977265618, 0.13799331946806473, 0.12546847422014584, 0.12129045006903735, 0.11591265079650012, 0.14518524164503271, 0.12391434135762128, 0.11136908490549434, 0.10436365347016942, 0.11066690155050972, 0.09979840300299904, 0.09418513964522969, 0.09556472436948256, 0.09047346426682039, 0.08967131037603725, 0.0946612215854905, 0.08853285962885077, 0.08399791541424664, 0.08244539458643306, 0.0819959200241349, 0.07927411997860129, 0.09722132777625864, 0.13008440353653647, 0.09928916462443092, 0.09301876615394246, 0.09034948931498961]

[Macro Recall]
[0.0290111550799839, 0.051917985706936204, 0.07631444435655935, 0.10056532248805206, 0.1221131447039018, 0.14246218133305832, 0.16019057988279167, 0.17647871614803606, 0.19253255821712195, 0.21009111974256475]

[Macro Precision]
[0.041121317083087715, 0.038127303265049074, 0.0372443465546373, 0.036877003340688747, 0.036405337730200035, 0.036063823896762444, 0.0356699452533377, 0.03509160765589796, 0.03459099892060094, 0.03431085080076572]

[Macro NDCG]
[0.045543248892268365, 0.05260268524196584, 0.06151915693932648, 0.07059866694042469, 0.07872932108083963, 0.08643151842322978, 0.0932615488052063, 0.09939719614150302, 0.10534885218357712, 0.11168055536775073]

[Micro Recall]
[0.013198638331954669, 0.024475309745120685, 0.035862761333098216, 0.04734539303561967, 0.058424792800591936, 0.06945206071859407, 0.08014244632246352, 0.09010634304374553, 0.09992352021086542, 0.11012694697144577]

[Micro Precision]
[0.04112131708307443, 0.038127303265022366, 0.03724434655461289, 0.03687700334069558, 0.036405337730172696, 0.0360638238967399, 0.035669945253373435, 0.03509160765591451, 0.034590998920614215, 0.03431085080072105]

[Micro NDCG]
[0.04551332054898056, 0.051148427274019914, 0.05762777254813964, 0.06414250801292305, 0.07017004349784633, 0.07606414558951631, 0.08162885935930715, 0.08664839865036575, 0.09154241729317357, 0.09663722144137517]

