===== Tracker Values =====

[Train Loss Tracker]
[0.48944477947248566, 0.36602049873721215, 0.3123888005652735, 0.2995883067769389, 0.2775680566987684, 0.25683987032501926, 0.2492970146479145, 0.23176174827160373, 0.22477928645187809, 0.21593439242532175, 0.2236110169079996, 0.21792278222499356, 0.24904592431360675, 0.2227084804927149, 0.20939230053655564, 0.19740091120043107, 0.19474820119719352, 0.18852213746117008, 0.19326734350573632, 0.20371499849903968, 0.18476462183940795, 0.18256596644078532, 0.17391726518830947, 0.1723041507986284, 0.16408132797768038, 0.16492754269030788, 0.16860385118953644, 0.16709866134389753, 0.15795494567963383, 0.15807957815066462, 0.15563485747383488, 0.16200434680907957]

[Val Loss Tracker]
[0.8284977674484253, 0.6065807342529297, 0.5869388715787367, 0.5401895019141111, 0.5478552661158822, 0.49496175755154004, 0.4644395817409862, 0.4458055089820515, 0.42804156108336017, 0.4191192225976424, 0.43794943527741864, 0.4492679780179804, 0.47623627565123816, 0.41664799506014044, 0.42746502161026, 0.4129698005589572, 0.401840556751598, 0.4048037203875455, 0.3893944187597795, 0.41311832720583136, 0.38831107453866437, 0.4056103527545929, 0.38345172188498755, 0.39561003175648773, 0.39039456844329834, 0.39006025953726337, 0.3585282293233005, 0.37210568243807013, 0.37274764613671735, 0.36237109249288385, 0.3923783004283905, 0.3859523697332902]

[Macro Recall]
[0.02115804417435665, 0.04588488210462899, 0.06809733315336264, 0.09005305386924593, 0.11168625240474456, 0.13225012630565317, 0.1496750154619908, 0.16710592395688348, 0.18461975034346964, 0.19981994734024403]

[Macro Precision]
[0.029672131147540963, 0.03049180327868859, 0.03032786885245902, 0.030860655737704905, 0.03114754098360638, 0.03150273224043727, 0.031498829039812666, 0.031311475409836025, 0.031147540983606593, 0.030819672131147495]

[Macro NDCG]
[0.031323742146088095, 0.040522857222983676, 0.04922670879633717, 0.05794169100408949, 0.06628192851374493, 0.07426856621792947, 0.08104818367191988, 0.08744027689855026, 0.0937836364332229, 0.09941783646619796]

[Micro Recall]
[0.008865161385120243, 0.018220110692070333, 0.027183229661556545, 0.03688103051378753, 0.04652985257383553, 0.05647254738698144, 0.06587647548611451, 0.07483959445560072, 0.08375373463290395, 0.09208012930401137]

[Micro Precision]
[0.029672131147540984, 0.030491803278688525, 0.030327868852459017, 0.03086065573770492, 0.03114754098360656, 0.03150273224043716, 0.031498829039812645, 0.031311475409836066, 0.03114754098360656, 0.03081967213114754]

[Micro NDCG]
[0.031841948779782955, 0.03882537615453263, 0.04457930831937064, 0.05076104539662547, 0.056543453105795165, 0.062355391879088465, 0.06751883230560209, 0.07217386515672691, 0.07676611051656458, 0.08098444185898684]

