===== Tracker Values =====

[Train Loss Tracker]
[1.1504557209630166, 0.6738984032023337, 0.4464725852012634, 0.285859695365352, 0.19820549771670373, 0.15915136892468698, 0.13698594176000164, 0.12449566899768767, 0.11219737083921509, 0.11414931329988665, 0.10110821701105564, 0.09747738463263358, 0.1068577441957689, 0.09189114094741883, 0.09072034493569404, 0.0897624252303954, 0.0861879363656044, 0.08893306337056621, 0.07973649965659264, 0.07827898253115916, 0.07721411571988175, 0.07608627930523888, 0.07597641899220405, 0.0742228863941085, 0.07486772825641017, 0.07394352290899522, 0.07170306909228524, 0.06993976402126494, 0.07109472684321864, 0.07017847018376473, 0.07387882783528298, 0.06739778518526544, 0.06876389033371402, 0.06704017015234116, 0.06767135401887278, 0.06554597057402134, 0.06569705675205877, 0.06377144495115405, 0.06399143156745742, 0.06298326211230408, 0.06348162324678513, 0.06343768068378972, 0.06161137159553266, 0.06089094650721358, 0.06185100732311126, 0.06356946042468471, 0.059846630169739644, 0.061510327482415784, 0.05873000378450079, 0.0582277184322236, 0.05942631969528814, 0.06096967141474447, 0.05754863539890897, 0.06094088922104528, 0.057494873962094704, 0.05983547854327386, 0.057118452184142604, 0.05549138240636357, 0.05569962568340763, 0.054020248075586655, 0.054734575291795116, 0.05346579335990452, 0.05263747860707583, 0.05400295315250274, 0.05548305653275982, 0.056221170771506526, 0.05227277884560247, 0.05036181945263619, 0.05010380019103327, 0.04911842284303519, 0.05032498101072927, 0.04987778863118541, 0.047742577889303285, 0.04775258955816107, 0.04955325347761954, 0.04674072288757851, 0.046410940354689956, 0.05180629559101597, 0.05863919974334778, 0.04766805289733794, 0.05149563041425521, 0.04919794153782629, 0.04876075240392839, 0.049145871232594215, 0.04517663470769842, 0.04457405200528522, 0.0467890064802862, 0.044321380668289716, 0.04836576996791747, 0.04520439897333422, 0.04401654984441496, 0.04357768828049302, 0.04321016821890108, 0.04522035379082926, 0.04282452128527145, 0.04245813422641086, 0.04387478566458149, 0.04259068055468942, 0.04223253179131256, 0.042010926754183824, 0.0429584659155338, 0.04173543092404162, 0.04398562146290656, 0.04436727865569053, 0.04257363273251441, 0.043447608548787334, 0.04145413353633616, 0.04124734529309095, 0.0417087042043286, 0.04201338716572331, 0.041078167366645026, 0.04211717026848947, 0.04149907995616236, 0.04043086021462636, 0.04060301136585974, 0.040370509381436055, 0.040593943768931974, 0.03993965134460239, 0.039873159573143045, 0.042193511320698644, 0.0400118843404456, 0.04115393445376427, 0.04124431840835079, 0.04356431167933249, 0.04601928111045591, 0.0410409385128127, 0.04011075087492504, 0.039518986791071874, 0.04359957010995957, 0.040402250965276075, 0.04110584359976553, 0.04071586921570763]

[Val Loss Tracker]
[0.6621245850216259, 0.46874919262799347, 0.3038754788312045, 0.19141765074296432, 0.13896206156774002, 0.11680867184292186, 0.10656925426288084, 0.10057788477702574, 0.09642896056175232, 0.09371721812269905, 0.09294033931060271, 0.09119881486350839, 0.08861654522744092, 0.08764783293008804, 0.08752640607682141, 0.08696866509589282, 0.08650080250068144, 0.08530632745135915, 0.0846618569710038, 0.08379664813930338, 0.08328250727870247, 0.08288359912959012, 0.08188022469932382, 0.08197753131389618, 0.08125014941800725, 0.08095744997262955, 0.08008234947919846, 0.07976096191189506, 0.07940993187102405, 0.07960825887593356, 0.07860947332598946, 0.07869934967973015, 0.07857058806852861, 0.07861381227319891, 0.07829935577782718, 0.07750947299328717, 0.07737052101980556, 0.07720094716007059, 0.07677788896994157, 0.07634348964149301, 0.07599608871069821, 0.07635155455632643, 0.0758325078270652, 0.0752108483151956, 0.07442696731198918, 0.07450006292624907, 0.07405651699412953, 0.07342188195748763, 0.07367979396473277, 0.07332802970301021, 0.07247337428006259, 0.07282841476527127, 0.07308756898749959, 0.07211082022298466, 0.07147252762859518, 0.07079097425395792, 0.07018294456330212, 0.06996317817406221, 0.0696652125228535, 0.06904440169984644, 0.06829314814372496, 0.0678499855778434, 0.0672504109415141, 0.06619350747628645, 0.06605955484238538, 0.06500130112875592, 0.06524537571451881, 0.0648073371161114, 0.06455004147507927, 0.06346116960048676, 0.06291392750360748, 0.06284176117994568, 0.06212104145776142, 0.06183770502155477, 0.06148899278857491, 0.06134402650323781, 0.060996852137825706, 0.060701365836642006, 0.061039881272749466, 0.060856849971142685, 0.06046153842048212, 0.061191529712893745, 0.059578424488956276, 0.06006743928248232, 0.059662329202348534, 0.05985130911523646, 0.05947201258756898, 0.05994247983802448, 0.05939479036764665, 0.059519820592620155, 0.05956700613552874, 0.05944735997102477, 0.05935899235985496, 0.05884464897892692, 0.05851949311115525, 0.05876596238125454, 0.05912415005943992, 0.05878833241083405, 0.058588624677874825, 0.05840569260445508, 0.058278328654440964, 0.05826792967590419, 0.05842962996526198, 0.0586761977862228, 0.05854881012981588, 0.05912116440859708, 0.058248878541317856, 0.05806549299846996, 0.05816698853265156, 0.05771497670899738, 0.05826341936534101, 0.05800093574957414, 0.05774310231208801, 0.0575370771641081, 0.057865291833877563, 0.05758488516915928, 0.05747539990327575, 0.05725714361125773, 0.05747827210209586, 0.057310775938359176, 0.057389953258362686, 0.056996285915374756, 0.056928525932810524, 0.0569126426496289, 0.05708883770487525, 0.057150633159008896, 0.05678593638268384, 0.057070099833336746, 0.057145367630503395, 0.057402823797681114, 0.05714017085053704, 0.05767854844981974]

[Macro Recall]
[0.0236065637586123, 0.046618668520321316, 0.07112239076906704, 0.094531066071533, 0.11692725780021962, 0.13899184943637724, 0.15949611456986096, 0.17936280233375337, 0.19848649225117293, 0.21665331239359353]

[Macro Precision]
[0.03725275468959428, 0.037178004318934955, 0.03755729323680825, 0.03769141324341983, 0.03763604259851341, 0.037538733816927974, 0.03727762753481997, 0.037004278920379885, 0.036712788363130376, 0.03636860853573552]

[Macro NDCG]
[0.04014139178377184, 0.047987139473126855, 0.057367441992104, 0.06645650942030656, 0.0751071368360815, 0.08348671663335035, 0.09120085249969873, 0.09856468708091201, 0.10556148848838565, 0.11213244784457739]

[Micro Recall]
[0.011956952522302656, 0.02386592004909872, 0.03616409920611491, 0.0483909920117818, 0.060399878911937266, 0.0722924565019965, 0.08375455141631763, 0.09501759746038918, 0.10605276414308375, 0.11673169653814916]

[Micro Precision]
[0.03725275468958601, 0.03717800431891031, 0.037557293236783335, 0.03769141324342781, 0.03763604259848284, 0.03753873381690363, 0.03727762753485494, 0.03700427892039547, 0.036712788363141194, 0.036368608535692536]

[Micro NDCG]
[0.04098374866861277, 0.04856261724578654, 0.056328874215318944, 0.06360810458724925, 0.07041815703629073, 0.07694961672033827, 0.08303566501192067, 0.08889251505576719, 0.09452824787598775, 0.09987713578602783]

