===== Tracker Values =====

[Train Loss Tracker]
[1.1329249393555425, 0.6325573065588551, 0.39040012705710625, 0.2516557348351325, 0.1806078555603181, 0.14868893690647617, 0.1309338195189353, 0.11590583508293476, 0.11634604104103581, 0.10806794969304916, 0.099744915000854, 0.09223908324155115, 0.08928985274847477, 0.08636518019521909, 0.08909039704069015, 0.08199459434516969, 0.08063059071860006, 0.07857455051834544, 0.07827499773233168, 0.07498784594598316, 0.07407226110057484, 0.07313685798116269, 0.07178449035892563, 0.07963877147243868, 0.07157395131164981, 0.06885605708004967, 0.0670373888175574, 0.06633388125638087, 0.06623547271855416, 0.0639880773153216, 0.06506875469799965, 0.06544021108458119, 0.06166749896721974, 0.06164655005258898, 0.061027776690260056, 0.058914472679457354, 0.05825503434865705, 0.059756464174678246, 0.055963228546803995, 0.057455192770688765, 0.05736280521077494, 0.05406231598387803, 0.053130715244239374, 0.052079379896543196, 0.05124881537631154, 0.05123701956002943, 0.0501697966678729, 0.05095551908016205, 0.05040582690027452, 0.04893422146297751, 0.05159099171719243, 0.0483961426202328, 0.059516220804183714, 0.05062058724222645, 0.04911067144524667, 0.0477315375821725, 0.047128043400364056, 0.04821104880782866, 0.04635162358998411, 0.0516647680872871, 0.047006150106749224, 0.04663223484831472, 0.04558172823500729, 0.04839063808321953, 0.04680365167798534, 0.04508727969181153, 0.04834167683316815, 0.04682753902048834, 0.04577444974453219, 0.04457864399638868, 0.044386069650851914, 0.045779580911321026, 0.044064431120791746, 0.043595893774181604, 0.043881561787378405, 0.04319018620111409, 0.04390230979169569, 0.04310055275357539, 0.04276765672670257, 0.042923183150349126, 0.04324184117778655, 0.04255134600304788, 0.042127752207189555, 0.043139771828728336, 0.04233982077529354, 0.04229999015167836, 0.04185092009063209, 0.04145464140756597, 0.04167762527903242, 0.041627110703097235, 0.04123003424836263, 0.04087231526782195, 0.04104045246757807, 0.04573697116105787, 0.041221118321822535, 0.04106798467616881, 0.040848643503962986, 0.040428833915821964, 0.040223875927979186]

[Val Loss Tracker]
[0.6541822986169294, 0.440896294333718, 0.2760810310190374, 0.1687562479214235, 0.12803424149751663, 0.1110153306614269, 0.10310944102027199, 0.0980079939419573, 0.09484403174031865, 0.09252639182589271, 0.09082162854346362, 0.08957544917410071, 0.08773217553442175, 0.08671667765487324, 0.08556706255132501, 0.08477664671160957, 0.08350428464737805, 0.08359642868692224, 0.0824107053604993, 0.08166151493787766, 0.08144805309447375, 0.08053066039627249, 0.07977377013726668, 0.07904889705506238, 0.07875016941265627, 0.07750827886841515, 0.07717782258987427, 0.07586962052366951, 0.07566771046681837, 0.07485943490808661, 0.07369526340202852, 0.07296752252361992, 0.07300059632821516, 0.07186040079051798, 0.0703746188770641, 0.06936484913934361, 0.06858440014449033, 0.06750715998086063, 0.06648608229377052, 0.06608009338378906, 0.06495326317169449, 0.06500699066302994, 0.06408298659053716, 0.06408793953332034, 0.0634232061830434, 0.0629606805741787, 0.06270558793436397, 0.062353099611672486, 0.06163529713045467, 0.06262305141849951, 0.06129441478035667, 0.061380921778353775, 0.06089423021132296, 0.061437465250492096, 0.06123017181049694, 0.06115547466007146, 0.06102557344870134, 0.06070519746704535, 0.060913051732561806, 0.06077506596391851, 0.06033063307404518, 0.05993651768023318, 0.06012877923521129, 0.05978280915455385, 0.06021130152724006, 0.060383294793692505, 0.059536842121319336, 0.05980437384410338, 0.0595829693431204, 0.05939014899459752, 0.05933596430854364, 0.059278869832103905, 0.05923515524376522, 0.059645400805906815, 0.05884604223749854, 0.05935298414392905, 0.05867009779269045, 0.05857258154587312, 0.05876079608093609, 0.05843322520906275, 0.05845010449940508, 0.05857707661661235, 0.05822710015557029, 0.057983364571224556, 0.05804922431707382, 0.05789332498203625, 0.05831223353743553, 0.057960176332430405, 0.05773002112453634, 0.057538017969239845, 0.05763571709394455, 0.057709338651462036, 0.05759046971797943, 0.057276135818524795, 0.05766875262964855, 0.057663963260975754, 0.05736781826073473, 0.057505673644217575, 0.057304907251488076]

[Macro Recall]
[0.023108508185377782, 0.04609218590434847, 0.06986611220314273, 0.09453115744735538, 0.1176386211039915, 0.1409541434972169, 0.16263373488768887, 0.18409764799980483, 0.203910137953476, 0.22190654623326742]

[Macro Precision]
[0.0366565974123526, 0.036855624119477716, 0.0371338103412097, 0.037667880719318016, 0.03770088777603763, 0.037670597982480736, 0.03746553616798279, 0.03733373425780204, 0.037096281348489524, 0.03672722574616276]

[Macro NDCG]
[0.03904720408944974, 0.047064007386580384, 0.056136863324684344, 0.06574123281860221, 0.07461319748707634, 0.08335297603539048, 0.09140683075648472, 0.09929173205113088, 0.10653125524727057, 0.1130665971211751]

[Micro Recall]
[0.011765604947628228, 0.02365897241415672, 0.03575632547886755, 0.048360779236833205, 0.0605039451367602, 0.07254640178685855, 0.08417674038912869, 0.0958635551589498, 0.10716056589119886, 0.11788274402295539]

[Micro Precision]
[0.03665659741234519, 0.03685562411945294, 0.03713381034118571, 0.037667880719326204, 0.03770088777600728, 0.03767059798245776, 0.037465536168017385, 0.037333734257818024, 0.037096281348500786, 0.03672722574611944]

[Micro NDCG]
[0.039914306516311955, 0.04770962988968386, 0.05534398095717786, 0.06304321409539197, 0.06998779484195747, 0.07664567685125127, 0.08285753925260465, 0.08900068133894014, 0.09480291234434429, 0.10017530913229744]

