===== Tracker Values =====

[Train Loss Tracker]
[0.283670523954976, 0.1943851916059371, 0.16502474597015657, 0.15076295196289016, 0.14146696481733553, 0.13409245014190674, 0.12716183384820337, 0.12169426643560009, 0.11485344595876673, 0.10883305104629647, 0.10370854420527335, 0.10124397289849096, 0.1006789340847923, 0.10652793895813727, 0.09608661779953588, 0.09197802423319269, 0.0898444147840623, 0.08523464737640273, 0.08170472974738767, 0.08056716921348725, 0.08450554725864241, 0.07683859573256585, 0.07380681857466698, 0.08879654662263009, 0.15462971719041949, 0.09791600103339841, 0.08515578809554779]

[Val Loss Tracker]
[0.22134863382036035, 0.19401228021491657, 0.18402339382605118, 0.1708042323589325, 0.1635681390762329, 0.16449781439521097, 0.15925599228252063, 0.14323949136517264, 0.13646160472523083, 0.12709978222846985, 0.12663330408659848, 0.12494144927371632, 0.14062852006066928, 0.11714696477759969, 0.11390924724665555, 0.10594593327153813, 0.10976765982129356, 0.10079570046880028, 0.10256132551214912, 0.09991619194095785, 0.09847254238345406, 0.09292500669305975, 0.09480974010445854, 0.13499185307459396, 0.14061670953577216, 0.10647996311837976, 0.09934791854836723]

[Macro Recall]
[0.03070972436311401, 0.05769074071534611, 0.08111926009166444, 0.10005128353451624, 0.12111841316861717, 0.1421261235433474, 0.1604479812482873, 0.17861254584625633, 0.19492006076817656, 0.20995949022428134]

[Macro Precision]
[0.04214813493212389, 0.04049501356583551, 0.039465529722786614, 0.03808639051069376, 0.03752837745556507, 0.03718702768329371, 0.03663919520961355, 0.03615187860292121, 0.03557878388289226, 0.03501092032168493]

[Macro NDCG]
[0.04671118733053586, 0.05591230758827711, 0.0648687689090226, 0.07221431752161205, 0.08025602556940498, 0.08820564522824098, 0.09514046853008772, 0.10187274323952596, 0.10790433768182753, 0.11345132387057817]

[Micro Recall]
[0.013528214288746848, 0.025995229541064, 0.038001549342694424, 0.04889809270503663, 0.06022709343429008, 0.07161513742961954, 0.08232013574817, 0.09282884976411326, 0.1027769489560104, 0.11237394805732845]

[Micro Precision]
[0.042148134932109435, 0.040495013565808015, 0.03946552972275713, 0.038086390510701916, 0.03752837745553429, 0.03718702768327171, 0.0366391952096482, 0.03615187860293711, 0.03557878388290407, 0.03501092032164192]

[Micro NDCG]
[0.04644352609169376, 0.053567287878779186, 0.06043583283154741, 0.06621870743461115, 0.07235099721054894, 0.07843733496054732, 0.08395263000009959, 0.08928893412975185, 0.09422454958356956, 0.09891309901231726]

