===== Tracker Values =====

[Train Loss Tracker]
[0.6625980482767185, 0.19484220822943327, 0.18742093708245985, 0.18304108924442722, 0.16343304611021472, 0.15323396789399485, 0.1506195384858837, 0.15387647214435762, 0.16382232452592543, 0.1515176178466889, 0.15549902281453531, 0.14822292832597608, 0.14152344532551303, 0.13486326990589018, 0.1274068299080095, 0.1283124077055559, 0.12338564352643105, 0.12815269803808582, 0.12281628241462092, 0.11799381233894594, 0.11376279953026003, 0.13099545288470485, 0.12252543169644571, 0.12746944999502552, 0.12065189644213646]

[Val Loss Tracker]
[0.1914067336104133, 0.16720622371543536, 0.15613960068334232, 0.16211958161809228, 0.15741961652582342, 0.15550235997546802, 0.14551835303956812, 0.1439421684904532, 0.1473673419518904, 0.14189294183796103, 0.14359744028611618, 0.14953565868464383, 0.14579408277164807, 0.15037723698399283, 0.14510373771190643, 0.13696686042980713, 0.13459422168406573, 0.14106082848527216, 0.1384565755724907, 0.13447019999677484, 0.13804491270672192, 0.1387079656124115, 0.13510655205358157, 0.13977394523945721, 0.13953215967525134]

[Macro Recall]
[0.23104734687984715, 0.456738866056484, 0.6182202951218592, 0.765891027733966, 0.8578053009071654, 0.8657290901981315, 0.8705423422863452, 0.874889208594953, 0.8789136030598224, 0.8816691934776646]

[Macro Precision]
[0.12452991452991355, 0.12008547008546984, 0.11264957264957241, 0.1082478632478631, 0.10076923076923171, 0.08471509971509925, 0.07318681318681382, 0.06441239316239313, 0.05756885090218501, 0.05211965811965859]

[Macro NDCG]
[0.1915310549089029, 0.28339615144982505, 0.34338571930002487, 0.39484410790686514, 0.4271569505047542, 0.42945017636987554, 0.4309318282049252, 0.43219015449739057, 0.43330286589689077, 0.43421407379500376]

[Micro Recall]
[0.1982852476864453, 0.3824169842133914, 0.5381056069678825, 0.6894393032117583, 0.8022591181273816, 0.8093358737071312, 0.8157321720195971, 0.8204953728905825, 0.8249863908546543, 0.8298856831790964]

[Micro Precision]
[0.12452991452991453, 0.12008547008547009, 0.11264957264957265, 0.10824786324786324, 0.10076923076923076, 0.08471509971509972, 0.0731868131868132, 0.06441239316239317, 0.057568850902184235, 0.05211965811965812]

[Micro NDCG]
[0.1912293462060979, 0.27684278383380484, 0.33954853886018305, 0.3956649157982357, 0.4350793749354209, 0.4374544612690834, 0.43951231937951224, 0.4409957909414987, 0.44235750984120775, 0.4438038170070024]

