===== Tracker Values =====

[Train Loss Tracker]
[0.6314793882831451, 0.4275664639088415, 0.4022190022853113, 0.38358228148952606, 0.35212611719485254, 0.358285621289284, 0.3380329242396739, 0.33294253772304905, 0.3326384670311405, 0.32557971390985674, 0.3514934403281058, 0.3220130906951043, 0.3266024483788398, 0.32784208943766935, 0.30521069803545553, 0.3026234589276775, 0.30286546195707015, 0.2921739679671103, 0.2836489810818626, 0.2773219496011734, 0.27548951871933475, 0.28471885285069864, 0.2658073248401765, 0.2679762181735808, 0.2643683081673038, 0.25508643686771393, 0.2403276190161705, 0.2408315077904732, 0.23160721121295805, 0.22810603630158208, 0.22273724357928, 0.2170186912821185, 0.20748107724132075, 0.20271229792025783, 0.19643128807506255, 0.19452629839220353, 0.19580790112095495, 0.1873246835124108, 0.1866948979516183, 0.18296013724419377, 0.17927098226162694, 0.17504432136493345, 0.17371837890917255, 0.17630223881813786, 0.1680162832621605, 0.16703821117839507, 0.16714566225005734, 0.16951821311827628, 0.16731224136967812, 0.16566811598116352, 0.16033546578499577, 0.1588070221966313, 0.15844797198810884, 0.15720507935170205, 0.16443141525791538, 0.15634052551561786, 0.1576984712193089, 0.15188628122691186, 0.1545781123061334, 0.15038233502737938, 0.1563835624725588, 0.1509715760907819, 0.15477418226580467, 0.15651797238857515, 0.14692322693524823, 0.15575503437749802, 0.15152565750383562, 0.1455510084427172, 0.1533527124312616, 0.1620463498177067, 0.1583132787096885, 0.14983123300536985, 0.14698022267510813, 0.1430768302731937, 0.143696493439136, 0.14537694713761729, 0.14301447690494598, 0.14467182274787657]

[Val Loss Tracker]
[0.4061223701997237, 0.4086020128293471, 0.4149137925017964, 0.5532942116260529, 0.452028442512859, 0.4855662232095545, 0.44419416785240173, 0.41196733713150024, 0.49752395803278143, 0.4238348061388189, 0.42977924238551746, 0.3401528285308318, 0.3413132510401986, 0.38004742427305743, 0.39629084684632043, 0.3967550044709986, 0.39715834097428754, 0.37099490382454614, 0.37501505559140985, 0.35436853766441345, 0.30006689239632, 0.3094465664841912, 0.31131542270833795, 0.3165578083558516, 0.3118948150764812, 0.28838804364204407, 0.28133897483348846, 0.26834358274936676, 0.3254593312740326, 0.258752626451579, 0.2524659010497006, 0.23718329451300882, 0.23293083093383096, 0.2296682894229889, 0.22227679057554764, 0.22298485311594876, 0.2233177680860866, 0.21634957058863205, 0.21807843311266464, 0.21200594983317636, 0.21082891523838043, 0.20838871869173917, 0.20589942823756824, 0.2032796875997023, 0.20217403092167593, 0.20088006149638782, 0.20129519971934232, 0.19812386550686575, 0.2001976275985891, 0.1969046023758975, 0.19272286648100073, 0.1915364617651159, 0.1920134804465554, 0.19191096994009885, 0.19030755216425116, 0.18879224089058963, 0.19117205115881833, 0.1918178607117046, 0.19011741063811563, 0.1883151097731157, 0.18830910460515457, 0.1876130293716084, 0.18729921091686597, 0.1859031075781042, 0.1862445121461695, 0.18575702743096786, 0.186784872954542, 0.1847759715535424, 0.18566047738898883, 0.18605470657348633, 0.18689819493077017, 0.18785558911887082, 0.18604306063868783, 0.18625127456404947, 0.1870003721930764, 0.18588517606258392, 0.18496082045815207, 0.18557847223498605]

[Macro Recall]
[0.01265713499899384, 0.022400279311065956, 0.03824694487104325, 0.04701370733281563, 0.0617907519455969, 0.07998935904969968, 0.09761847340146915, 0.1066531558751408, 0.11954654374599656, 0.1374712835400639]

[Macro Precision]
[0.022346406875063653, 0.021650963332308173, 0.023922076739294102, 0.023878922809532292, 0.02413551970436342, 0.02546281077582884, 0.025641271155780316, 0.025812097900047796, 0.026035136951669636, 0.0269704874082887]

[Macro NDCG]
[0.022455194749689596, 0.025487927846463036, 0.0320208875356898, 0.03544419738666243, 0.04065404199377072, 0.04733777447743208, 0.05329722057885229, 0.057101871376572334, 0.06187171863936856, 0.06835661718070547]

[Micro Recall]
[0.006041642945065475, 0.011707241401459406, 0.019402937613838437, 0.025823914571187226, 0.03262676482220385, 0.0413052206413336, 0.048527167742677534, 0.05582910220763392, 0.06335045366858927, 0.07291823508170744]

[Micro Precision]
[0.02234640687502935, 0.02165096333232297, 0.023922076739284804, 0.023878922809608988, 0.02413551970423371, 0.025462810775888446, 0.02564127115589511, 0.025812097900008112, 0.02603513695176484, 0.026970487408160042]

[Micro NDCG]
[0.02354010277636236, 0.027144267481209128, 0.03312877470170919, 0.036723744585441684, 0.0405505572190949, 0.0457716210694716, 0.049610207675320525, 0.053450282018461186, 0.057388703134916876, 0.0626179950507398]

