===== Tracker Values =====

[Train Loss Tracker]
[1.2054625076632346, 0.758110148291434, 0.5008745520345627, 0.331678518845189, 0.25661001222268226, 0.22165848867547128, 0.19253099493442044, 0.18642605023999367, 0.16735085364310973, 0.16289948311544233, 0.16187062763398694, 0.13811358304754381, 0.1351535103974804, 0.12878945109344297, 0.11998115305698687, 0.1158704673589748, 0.11188011808741477, 0.12162766389308437, 0.1091488067421221, 0.10657349061371098, 0.09889784107555545, 0.09701657872046193, 0.09454722053581668, 0.09449141220219674, 0.08800780074670911, 0.09107183941429661, 0.0834420349208578, 0.08385528591010839]

[Val Loss Tracker]
[0.6970622918822549, 0.43557571552016516, 0.2700931145386262, 0.22022287276658145, 0.20387944037264044, 0.19532340494069186, 0.1822603466835889, 0.18087502704425293, 0.1782433885064992, 0.17117693072015588, 0.16188817809928546, 0.16152537072246725, 0.16776970841667868, 0.16640652242031964, 0.1562437956983393, 0.16470168260010806, 0.14796184545213525, 0.1545184999704361, 0.15029792894016614, 0.15001078085465866, 0.1468975076621229, 0.1506457491354509, 0.14113436436111276, 0.14406864006410947, 0.14538790082389658, 0.15367305820638483, 0.1550289676948027, 0.14212145385417072]

[Macro Recall]
[0.23680745784475912, 0.4356017238698345, 0.6068721583458649, 0.7430971974635566, 0.8571296040614514, 0.8604560644560363, 0.8641393731679957, 0.8665731888137597, 0.8701990877798121, 0.8720770467580901]

[Macro Precision]
[0.11991452991452925, 0.1154273504273498, 0.11011396011395995, 0.10514957264957256, 0.10052991452991551, 0.08423076923076878, 0.07252747252747314, 0.06368589743589742, 0.05682811016144423, 0.05135042735042784]

[Macro NDCG]
[0.18379763269307198, 0.26714331576999895, 0.3299102960794385, 0.3779194274170917, 0.4168601581793934, 0.41796455050677944, 0.419003524603915, 0.41971017956660434, 0.42062892757778286, 0.4212449289846124]

[Micro Recall]
[0.19093630919978224, 0.3675830157866086, 0.525993467610234, 0.6697060424605334, 0.8003538377789875, 0.8047087642896026, 0.8083832335329342, 0.8112411540555253, 0.8143712574850299, 0.8176374523679912]

[Micro Precision]
[0.11991452991452992, 0.11542735042735043, 0.11011396011396012, 0.10514957264957266, 0.10052991452991453, 0.08423076923076923, 0.07252747252747253, 0.06368589743589743, 0.05682811016144349, 0.05135042735042735]

[Micro NDCG]
[0.17954579084256564, 0.2615530408377615, 0.32555240787846995, 0.3787647427351847, 0.42452596411184756, 0.4259888201433067, 0.42717196502244636, 0.4280599403529154, 0.4290079034198321, 0.4299736795151262]

