===== Tracker Values =====

[Train Loss Tracker]
[0.8905765058532837, 0.37314781306251404, 0.29591587570405775, 0.2544939397804199, 0.23349973030628696, 0.22139711822232894, 0.20431969386916007, 0.19537022445471056, 0.18884292773662076, 0.17997326509606454, 0.17456106216676773, 0.17096735633188678, 0.17393044598640933, 0.17088506923567864, 0.1714847582963205, 0.1793857091857541, 0.16880979172645078, 0.17058511510972055, 0.1656722734051366, 0.16043094617705192, 0.15912514059774338, 0.15555525859517436, 0.1575524321486873]

[Val Loss Tracker]
[0.41222241520881653, 0.28322379291057587, 0.26445034823634406, 0.24271723763509231, 0.2552789517424323, 0.2355062704194676, 0.21468506617979569, 0.19612267477945847, 0.19490742818875748, 0.19517999752001328, 0.19609366357326508, 0.19853904166004874, 0.18906703794544394, 0.19306778501380573, 0.1860275404019789, 0.19170408899133856, 0.18830881200053476, 0.18402937867424704, 0.18785728920589795, 0.1905199478973042, 0.18510626933791421, 0.1855535005981272, 0.1851016255942258]

[Macro Recall]
[0.016733693295602352, 0.02776709242274903, 0.03996356525603154, 0.0632817964751377, 0.07638698713209416, 0.08976313551567724, 0.10340375398131786, 0.11431703734735443, 0.12441097554770726, 0.134018617027007]

[Macro Precision]
[0.033171461626863165, 0.030196401965446665, 0.02898570832924713, 0.030581211924494596, 0.030185963908790876, 0.02997618529216854, 0.029680308207676327, 0.02905381896272564, 0.028390613385754892, 0.027867093011965754]

[Macro NDCG]
[0.032715871921126564, 0.03533585025930758, 0.03890090632482762, 0.046998220244202873, 0.051653036434881054, 0.05645207604792696, 0.061259213637102426, 0.06514064736910848, 0.06874633585342341, 0.07226172713030156]

[Micro Recall]
[0.008968337873549212, 0.016327983279062926, 0.02350999440954119, 0.03307212015048474, 0.04080584787269105, 0.048626719115138925, 0.05617121266325776, 0.06284063521970584, 0.06908195801909967, 0.07534232542887741]

[Micro Precision]
[0.03317146162679998, 0.030196401965513854, 0.02898570832924207, 0.030581211924572766, 0.030185963908657396, 0.029976185292230017, 0.02968030820779509, 0.029053818962683414, 0.02839061338585329, 0.027867093011838335]

[Micro NDCG]
[0.03462371964023679, 0.038445115530493096, 0.042063254192395115, 0.0481354184510556, 0.052098974142755695, 0.056079779552281446, 0.059820033820383964, 0.06292507392272706, 0.06578293917088764, 0.0687009327425081]

