===== Tracker Values =====

[Train Loss Tracker]
[0.9214017881501105, 0.3438876499572108, 0.25148190029205814, 0.21222711378528225, 0.20217897622816025, 0.19294872976118518, 0.1851535715883778, 0.18447529981213232, 0.18042787765302964, 0.17076308977219365, 0.1680632411472259, 0.16614465463546016, 0.17267964539989347, 0.16137748932646168, 0.1613929170754648, 0.15755114824541153, 0.15595193591810042, 0.15296198211369977, 0.15384397054872206, 0.15405979896745375, 0.15190653551009395, 0.14968919946301368, 0.14692005551149767, 0.15243783881587367, 0.1483231232531609, 0.1640424887018819, 0.1602030199381613, 0.14840274676680565]

[Val Loss Tracker]
[0.41282525387677277, 0.24031335250897842, 0.2243885343725031, 0.2052891958843578, 0.20433352074839853, 0.1917613216421821, 0.19795545935630798, 0.19362758777358316, 0.18587796593254263, 0.1838784095915881, 0.18184926360845566, 0.18142585524103857, 0.180940756066279, 0.18286988816478036, 0.1789519570090554, 0.17906571382826025, 0.1773883727463809, 0.17754906754602084, 0.1759117841720581, 0.17601328614083203, 0.17677948759360748, 0.17526197839866986, 0.1741380440917882, 0.17444367435845462, 0.17496960948814044, 0.17459586194970392, 0.17547767135229977, 0.17421971261501312]

[Macro Recall]
[0.00891911971339437, 0.01641884665132813, 0.03021234110192454, 0.04592453538684473, 0.06225967735043211, 0.08073864438922836, 0.0953222386087142, 0.11076923050191612, 0.12549672605276566, 0.13710248761037747]

[Macro Precision]
[0.02124411391786196, 0.020324326862732216, 0.021973070240238018, 0.024223496087258944, 0.0259397879944411, 0.026805492111276506, 0.027106563320741094, 0.02753403041343711, 0.027604924884309823, 0.027406580458564714]

[Macro NDCG]
[0.022202095905921704, 0.023617572599176465, 0.02839796461578114, 0.03455779131164726, 0.04090629659526307, 0.047405242940337496, 0.05264463090430179, 0.05817083296021974, 0.06328489362606185, 0.06746438842657557]

[Micro Recall]
[0.005743623648027437, 0.010989894410331828, 0.01782211953009213, 0.026196554114365885, 0.03506580230297817, 0.04348328924890769, 0.051300293858338224, 0.059553477756501036, 0.06717016769125708, 0.07409726959729364]

[Micro Precision]
[0.021244113917836056, 0.020324326862734218, 0.021973070240224726, 0.02422349608732961, 0.025939787994313502, 0.02680549211133358, 0.027106563320857268, 0.027534030413381205, 0.027604924884412928, 0.027406580458420673]

[Micro NDCG]
[0.02390500772465335, 0.02677070210125496, 0.03153352215142522, 0.037338251825105466, 0.04300823945387345, 0.047910543729067626, 0.052144857204043715, 0.056596111198778415, 0.06053378690829781, 0.06397905235564244]

