===== Tracker Values =====

[Train Loss Tracker]
[0.5840269577118659, 0.4214413795740374, 0.3840130279141088, 0.34851143340910634, 0.32611323508524126, 0.2992588608495651, 0.30458236894299906, 0.2760670987829085, 0.26806501335194033, 0.29161334470395117, 0.23331241189472138, 0.25513317219672665, 0.25631975743078417, 0.24508330033671472, 0.22862944631807267, 0.22374006961622545, 0.2224172308079658, 0.21021145221687132, 0.20234236722030946, 0.20697632912666566, 0.2022102133881661, 0.20127337498049583, 0.20848654979659664, 0.1994765011533614, 0.19398836887651874, 0.2006255474782759, 0.19243357546867862, 0.19243194066709088, 0.17457103717230982, 0.18752612221625545, 0.17438786621055297, 0.1669760035170663, 0.16371427872969257, 0.16483750879283873, 0.16780376674667483, 0.1569448683050371, 0.16207243309866998, 0.16469199378644267, 0.15627272234809014, 0.1530054480798783]

[Val Loss Tracker]
[0.9270230044018138, 0.7832925509322773, 0.667513294653459, 0.6531255055557598, 0.5673412355509672, 0.5904018418355421, 0.5608961040323431, 0.5266061289743944, 0.5440039905634794, 0.5250333710150286, 0.5207571197639812, 0.573539752851833, 0.5440609021620317, 0.48409578475085174, 0.4397109259258617, 0.4493164609779011, 0.45457150448452344, 0.42256510528651153, 0.4259785332463004, 0.4229043126106262, 0.4255149256099354, 0.41776560924269934, 0.4914614206010645, 0.43178736621683295, 0.404061956839128, 0.39338794350624084, 0.39279602061618457, 0.4182978638193824, 0.4210601205175573, 0.3872468119317835, 0.3913053328340704, 0.3846211758526889, 0.39154825698245654, 0.3873455361886458, 0.3838328177278692, 0.3944976871663874, 0.4048650454391133, 0.3844935731454329, 0.4011439193378795, 0.4180797717788003]

[Macro Recall]
[0.02489261457273335, 0.04862535046134612, 0.07281023855844618, 0.09972409028505438, 0.12351665499820136, 0.14329475548252577, 0.16544720449367734, 0.18743499993070228, 0.20213388634998977, 0.21823729873585543]

[Macro Precision]
[0.03409836065573768, 0.0338524590163935, 0.0345355191256831, 0.034467213114754106, 0.03455737704918016, 0.034125683060109366, 0.034192037470726085, 0.03430327868852453, 0.033806921675774204, 0.0337868852459016]

[Macro NDCG]
[0.03590468646343923, 0.04436807061179, 0.054179573573566606, 0.06418869932489435, 0.07325584456917028, 0.08079140859072549, 0.08900705641343429, 0.09697193283743775, 0.10263287891869895, 0.10882853829833618]

[Micro Recall]
[0.010187588774060832, 0.02022824117157271, 0.030954596659646373, 0.04119116422589019, 0.051623646960865945, 0.06117451143654797, 0.07150903658715776, 0.0819904981143165, 0.09090463829161972, 0.1009452906891316]

[Micro Precision]
[0.03409836065573771, 0.033852459016393444, 0.03453551912568306, 0.0344672131147541, 0.03455737704918033, 0.03412568306010929, 0.034192037470725994, 0.03430327868852459, 0.033806921675774135, 0.03378688524590164]

[Micro NDCG]
[0.03626146289328989, 0.04330789664496783, 0.05052328445346063, 0.0568196730125651, 0.06300043423268457, 0.06825255394036787, 0.0739470794031825, 0.07951351911677762, 0.08396837433004894, 0.0891810481652445]

