===== Tracker Values =====

[Train Loss Tracker]
[1.25174278982224, 0.9090502473615831, 0.7666631667844711, 0.6585567920438705, 0.5728780934887547, 0.5158455823698351, 0.47883240445967645, 0.45538719431046515, 0.4330893062776135, 0.41261962056159973, 0.371906925593653, 0.3701481261560994, 0.3455149180466129, 0.33818475950148796, 0.32212757968133493, 0.31919311708019626, 0.30619960542648067, 0.2940272679252009, 0.2888939547682962, 0.2862241926693147, 0.2871045393328513, 0.2806107272063532, 0.2740520801275007, 0.2713158135452578, 0.2630149097211899, 0.27343270422950866]

[Val Loss Tracker]
[1.0242105397311123, 0.8642415350133722, 0.6180421980944547, 0.6032963449304755, 0.5599714463407343, 0.5561570172960107, 0.5451198057694868, 0.5150417170741342, 0.5316349403424696, 0.5072654485702515, 0.5072374804453417, 0.49433480338616803, 0.516167862848802, 0.5013912645253268, 0.48381416364149615, 0.4834162023934451, 0.5142634863203223, 0.4878720993345434, 0.4952611002055081, 0.4924293566833843, 0.5077155963941054, 0.5050493505868044, 0.5231882062825289, 0.5187551893971183, 0.5006682845679197, 0.5231404385783456]

[Macro Recall]
[0.026844901601040666, 0.04945781835184234, 0.0683846646587202, 0.08724822242691962, 0.10089463622161539, 0.11533080405618386, 0.12971237209577052, 0.1446925828297883, 0.15707170859241176, 0.16857887772769709]

[Macro Precision]
[0.037213114754098386, 0.03393442622950826, 0.03300546448087435, 0.03217213114754103, 0.031081967213114597, 0.030437158469945453, 0.03023419203747072, 0.029877049180327825, 0.02989071038251365, 0.029459016393442523]

[Macro NDCG]
[0.04418127503115338, 0.05004038573315603, 0.05727891640747141, 0.06417666320619887, 0.06947486680002173, 0.07491888069482854, 0.08046388298742303, 0.08595243435048157, 0.09084786093125026, 0.09512996456789]

[Micro Recall]
[0.011118185825537542, 0.020277219963755692, 0.0295831904785228, 0.038448351863643045, 0.046431894989469556, 0.054562374491845034, 0.06323162070823334, 0.0714110790027918, 0.080374197972278, 0.08801488955282363]

[Micro Precision]
[0.03721311475409836, 0.033934426229508194, 0.03300546448087432, 0.032172131147540986, 0.031081967213114754, 0.030437158469945356, 0.030234192037470724, 0.02987704918032787, 0.02989071038251366, 0.029459016393442623]

[Micro NDCG]
[0.044038519369128004, 0.04794255031037768, 0.05295455219403481, 0.05771743189686576, 0.061706129807878415, 0.06586913008814808, 0.0703958863938849, 0.07444354491633697, 0.07902046033343137, 0.08276725421967031]

