===== Tracker Values =====

[Train Loss Tracker]
[1.1265018909208235, 0.6475707417534243, 0.4023697265694218, 0.2617747038602829, 0.19386667926465312, 0.15439110826100072, 0.13130543753504753, 0.12043363649037576, 0.1140360772129028, 0.10332257456837161, 0.09768839474887617, 0.09368568622777539, 0.09057148762287633, 0.08654313125166922, 0.08582717588832302, 0.08239421344572498, 0.0846247725909756, 0.08293590358188076, 0.07602881492986795, 0.07701052220598344, 0.07440928069333877, 0.07227514503944305, 0.07062926414542861, 0.07048478169787314, 0.0713298080428954, 0.07002234002274851, 0.06654812811288022, 0.06780805655064122, 0.06582353456366447, 0.07486225207967143, 0.0650334297829578, 0.06393948101228283, 0.06259758929691968, 0.06331351976240834, 0.06165490161267019, 0.06103179279354311, 0.06987599127234952, 0.06360065480393748, 0.06367531214510241, 0.06733951477273818, 0.05925227229994151, 0.05928672934251447, 0.05628374753700149, 0.05543911372942309, 0.05466127545937085, 0.055687297496103474, 0.05716810940254119, 0.0542216089464003, 0.05668249041322739, 0.052842587112419064, 0.052035757310448155, 0.054544987337243174, 0.0508046384840723, 0.053144601203741565, 0.052991125612489635, 0.04975169075412616, 0.04928576537678318, 0.049178111246756966, 0.04852745207327028, 0.0650108763046803, 0.05296043715169353, 0.049148603072089535, 0.049104844490366596, 0.04791273305853529, 0.04895856844321374, 0.04883166078117586, 0.048258807630308216, 0.04896929535654283, 0.05067693682447556, 0.04639894736089533, 0.04579402573196398, 0.04675643590669478, 0.04555300359554108, 0.04547135219458611, 0.045231616620214715, 0.045197080084753614, 0.04550594764371072, 0.04511749053434018, 0.04457091498038461, 0.045237927607470946, 0.04474871269156856, 0.0454035569583216, 0.04617527523829091, 0.04475808023445068, 0.04525492027882607, 0.043610771535895765, 0.043543383208734375, 0.047635923950902874, 0.04958295017000167, 0.04481019656504354, 0.04325891841923998, 0.044875202400069085, 0.0440886537394216, 0.04283726747446288, 0.05952040815064984, 0.04515357525087893, 0.04430531241720723]

[Val Loss Tracker]
[0.6548563079400496, 0.4597218551418998, 0.29149000211195514, 0.1814957789399407, 0.13300391354344107, 0.11371881582520225, 0.10338233004916798, 0.09820852293209596, 0.09483459727330641, 0.09238521687009117, 0.09073793413964185, 0.0891994522376494, 0.08801705864342776, 0.08669220452958887, 0.08529347655448047, 0.0843172161416574, 0.08311982588334517, 0.08233918588269841, 0.08165603266520934, 0.08114808662371202, 0.08164590393955057, 0.07987308569929817, 0.07916222241791812, 0.07855551825328307, 0.07882044870745052, 0.07768050107088956, 0.07661306925795296, 0.07642625678669322, 0.07655533606355841, 0.07592423734339801, 0.07639216022057967, 0.07424274290149863, 0.07354798777536913, 0.07268706912344153, 0.07273339615626769, 0.07273826951330359, 0.07168515094301918, 0.07164435359564694, 0.07051104849035089, 0.07102267647331412, 0.07001816278154199, 0.0693543709137223, 0.06880770759149031, 0.06803798404606906, 0.06768598949367349, 0.06653860888697884, 0.06670262867754156, 0.06614312394098802, 0.06505334546620195, 0.06506475873968819, 0.06499342959035527, 0.06432261250235817, 0.06374878571792082, 0.06345424089919437, 0.0632981498810378, 0.063382704149593, 0.06249345872889866, 0.06232896548780528, 0.062413098459894005, 0.06188371743668209, 0.06250096247954802, 0.061446413059126244, 0.06197514757514, 0.061368152160536156, 0.06144421446052464, 0.06138586964119564, 0.061469833959232674, 0.061010277406735855, 0.0609824156219309, 0.061045799404382706, 0.06086510182781653, 0.06031388383020054, 0.06058969382535328, 0.05999618091366508, 0.05997697501019998, 0.06011378866705028, 0.06033464961431243, 0.059909245845946396, 0.05994956026023084, 0.05974707718599926, 0.059678524055264213, 0.05959167670119892, 0.059462402015924454, 0.060307443819262764, 0.059565347704020416, 0.05994036522778598, 0.05926752293651754, 0.05936765298247337, 0.060139044780622826, 0.059457842937924645, 0.06018808619542555, 0.05880531702529301, 0.059340786188840866, 0.05928560922091657, 0.059743503616614776, 0.06029859252951362, 0.058976425365968185]

[Macro Recall]
[0.0231829855968425, 0.04729638865625296, 0.07132265944834566, 0.09461991663811281, 0.11754457425217806, 0.13983670271819562, 0.16072077406832566, 0.18001708106606928, 0.19867499705455285, 0.21709781550529791]

[Macro Precision]
[0.03652432309387297, 0.03716693018994646, 0.0373602147560956, 0.037462240296286566, 0.03757341224678682, 0.037511971338536836, 0.03727200258041344, 0.03685685457821439, 0.036506754876877955, 0.036196098215262845]

[Macro NDCG]
[0.03927646319732554, 0.0478281151017366, 0.05701947836538177, 0.06605253384521863, 0.07491451445185429, 0.08338064987541784, 0.0912152934546655, 0.09834427811375812, 0.10517936325091302, 0.11181596019058981]

[Micro Recall]
[0.011723149087406348, 0.023858811160875522, 0.03597433138437897, 0.0480967630269883, 0.06029936713122593, 0.07224091706237833, 0.08374191339280972, 0.09463904916250385, 0.10545759222350819, 0.11617799313320891]

[Micro Precision]
[0.036524323093865545, 0.037166930189921316, 0.0373602147560718, 0.037462240296294476, 0.037573412246756206, 0.03751197133851356, 0.037272002580447834, 0.03685685457822949, 0.03650675487688918, 0.036196098215219547]

[Micro NDCG]
[0.0400662548428874, 0.04819684468633644, 0.05580005757506801, 0.06302115982068861, 0.07001637744456368, 0.07659762253299508, 0.08272061509383537, 0.08834004836590172, 0.09384621507935209, 0.0992298091753448]

