===== Tracker Values =====

[Train Loss Tracker]
[0.6554528551716958, 0.22088484610280684, 0.18592781958080107, 0.17787872879735886, 0.17779750689383475, 0.1585505374992687, 0.17554631396647422, 0.15459641645992955, 0.17106516370850225, 0.1494937462191428, 0.15474616808276023, 0.14521736689212342, 0.14885444722829327, 0.13722607325161656, 0.13469633363908337, 0.13932684520559926, 0.13986932149817866, 0.13232508349803188, 0.1294707773673919, 0.15235907247950953, 0.13434607110684738, 0.14449418432289554, 0.1346770582660552]

[Val Loss Tracker]
[0.20263366130265323, 0.1651920798149976, 0.15732285515828567, 0.16183419864286075, 0.154972795735706, 0.14802610061385416, 0.14861937273632397, 0.14569978483698584, 0.14109831845218485, 0.1446829546581615, 0.13522005148909308, 0.1490550616925413, 0.14193979041142898, 0.13478467003865677, 0.1336796595291658, 0.13322361355478113, 0.13566762141206049, 0.12943633578040384, 0.1361476480960846, 0.13656031204895538, 0.15420164506543765, 0.14378296719356018, 0.14175042103637348]

[Macro Recall]
[0.27002373887213804, 0.46386025282558524, 0.6491214457377051, 0.7767125004971818, 0.8612794926877825, 0.867114768248149, 0.8727050268019334, 0.8780268999270875, 0.8806558842266056, 0.8835245277723606]

[Macro Precision]
[0.13282051282051177, 0.12132478632478592, 0.11629629629629586, 0.1093376068376067, 0.10128205128205228, 0.08501424501424452, 0.07333333333333394, 0.06456196581196581, 0.05764482431149175, 0.05212820512820562]

[Macro NDCG]
[0.2152631555746261, 0.297020716906111, 0.3647173408775407, 0.4105158531645049, 0.4409628599668383, 0.44271495784231235, 0.44429819126765785, 0.44572397878735787, 0.4465251058922533, 0.4473640711485445]

[Micro Recall]
[0.2114861186717474, 0.38636363636363635, 0.5555253130103429, 0.6963799673380512, 0.8063418617310832, 0.8121937942297224, 0.8173652694610778, 0.8224006532389766, 0.8260751224823081, 0.8300217746325531]

[Micro Precision]
[0.13282051282051283, 0.12132478632478633, 0.1162962962962963, 0.10933760683760683, 0.10128205128205128, 0.08501424501424501, 0.07333333333333333, 0.06456196581196581, 0.057644824311490976, 0.05212820512820513]

[Micro NDCG]
[0.20366591587098232, 0.28463200668109306, 0.353040977406443, 0.4051160663486479, 0.44348933228886384, 0.44545361495607694, 0.44711532041619434, 0.44868822211775916, 0.4497997513534555, 0.45096734169651]

