===== Tracker Values =====

[Train Loss Tracker]
[1.1474245498257298, 0.6634823881810711, 0.4124251344511586, 0.2584078864705178, 0.1896934192026815, 0.15083373494205937, 0.12993816184180398, 0.1347854058108022, 0.11058683885682014, 0.10568373337868721, 0.10527304872389763, 0.09349822329597608, 0.09324283609467168, 0.0914395093437164, 0.08567092062965516, 0.0824785141815101, 0.08040454707318737, 0.07968279358840757, 0.07677643283480598, 0.07493739300257256, 0.07413829658781329, 0.07234091011266555, 0.07124323982204642, 0.07099695816155403, 0.07221015638882114, 0.06871097625022934, 0.06717561864324155, 0.06644491445753843, 0.0655724172510447, 0.06441231974731049, 0.06511332322993586, 0.07140072266901692, 0.06223960927942948, 0.06219978678611017, 0.06106633482681167, 0.06210057557590546, 0.060232928803851525, 0.06832416728138924, 0.05926147001164575, 0.05830000713467598, 0.056997714939737515, 0.05614450236692304, 0.0583621405305401, 0.05529500835485036, 0.0647846692271771, 0.05403296547310968, 0.05308068708156145, 0.056281457384747845, 0.05243482170326094, 0.05463407693370696, 0.052947343717659676, 0.05472167953848839, 0.05070141303322969, 0.049974879174823725, 0.05030563077138316, 0.04909947092434572, 0.04919684900631828, 0.050968771139460224, 0.048507971689105034, 0.04799074108802503, 0.048062505801358534, 0.04830006353797451, 0.047407855940682274, 0.0480141147009788, 0.04657265793291792, 0.05017197756998001, 0.05300743901921857, 0.05135906271396145, 0.04671221827307055, 0.046381087973713875, 0.045225348434365924, 0.052493642414769816, 0.04699346170790734, 0.05444415117944441, 0.047724605327652346, 0.04589128710569874]

[Val Loss Tracker]
[0.6748481826348738, 0.4732691591436213, 0.29440993341532623, 0.17592344907197086, 0.13122998719865625, 0.1129286986860362, 0.10361847891048952, 0.09799809889359908, 0.09550038386474956, 0.09336262264034965, 0.09127468073909933, 0.0894119306044145, 0.08839520066976547, 0.08651541579853404, 0.08597185801375996, 0.08463858338919553, 0.08396865156563846, 0.08314964717084711, 0.08264885978265242, 0.0814708640629595, 0.0814665901389989, 0.08032589338042519, 0.0794967081059109, 0.07872983068227768, 0.07873299717903137, 0.07818391241810539, 0.07717894424091686, 0.0775524073026397, 0.07702371681278403, 0.07565053078261288, 0.0755429437214678, 0.07479953698136589, 0.07503611458973451, 0.07425148717381737, 0.07331505621021445, 0.07309233871373264, 0.07256444204937328, 0.07147791575301778, 0.07149624282663519, 0.07070536843755028, 0.06962730532342737, 0.06939031319184737, 0.06855885142629797, 0.06787060878493568, 0.06713339957323941, 0.06671678681265224, 0.06611455367370085, 0.06608454544435848, 0.06480618396943266, 0.06438558176159859, 0.06480209360068495, 0.06427681479941715, 0.06434240700169043, 0.06318086555058305, 0.06316078420389783, 0.06263450465419075, 0.06214928694746711, 0.062128350477327, 0.062138947573575104, 0.06193846904418685, 0.06168552284890955, 0.06125194308432666, 0.06071151285008951, 0.06061206114563075, 0.06080226769501513, 0.06060734831474044, 0.061511602252721786, 0.06133939867669886, 0.06064737689766017, 0.06086402250961824, 0.060229874470017174, 0.06071114641698924, 0.061368090185252105, 0.060940567404031754, 0.060392025180838325, 0.06065309217030352]

[Macro Recall]
[0.021507796815123686, 0.045914716853530144, 0.06804196213312075, 0.08853071337831342, 0.11228952303532055, 0.1345024865658912, 0.15485334771262116, 0.17453302628619838, 0.19344364002013364, 0.21070808509625863]

[Macro Precision]
[0.034742003556031006, 0.036213324638115385, 0.03614698240241009, 0.03598953494809985, 0.03646132360453341, 0.036472336210579805, 0.036291502715324914, 0.03607728203959308, 0.03581872334432109, 0.035488215281110645]

[Macro NDCG]
[0.03715411270830249, 0.04611176661136971, 0.05456031253856463, 0.06257313050146784, 0.0717199017098367, 0.08010765508064631, 0.08773757925528203, 0.09501071385501132, 0.10189993169543754, 0.1081895739136031]

[Micro Recall]
[0.011151081054556176, 0.023246656897211202, 0.034806104086366675, 0.046205996228734794, 0.05851464124896847, 0.07023877768196138, 0.08153894792008741, 0.09263730472032153, 0.10347006555777226, 0.11390591346942773]

[Micro Precision]
[0.034742003556025865, 0.036213324638091314, 0.03614698240238873, 0.0359895349481054, 0.03646132360450594, 0.03647233621055611, 0.03629150271535885, 0.03607728203960847, 0.03581872334433227, 0.03548821528106755]

[Micro NDCG]
[0.03803384456012409, 0.04659975901376013, 0.05379010189772088, 0.06048805738802402, 0.06768912438959451, 0.0741888321512758, 0.08023158690366335, 0.08603414321764011, 0.09158546017997957, 0.09682259647172453]

