===== Tracker Values =====

[Train Loss Tracker]
[0.5205959764219099, 0.16090577696600267, 0.11834326722929554, 0.1101252275609201, 0.1013919094637517, 0.09746900801697085, 0.0963715430228941, 0.09162234623105295, 0.08755261234698757, 0.08524062148024959, 0.08371037401018604, 0.08277649684779105, 0.081663578748703, 0.08215034320469826, 0.0778980472936265, 0.07614107285776446, 0.07578734759121172, 0.07543605523965051, 0.07935006988625373, 0.08052077120350253, 0.07673871132635302]

[Val Loss Tracker]
[0.12964622676372528, 0.13782355324788528, 0.1193884015083313, 0.11644312874837355, 0.11542521959001367, 0.10619400102983821, 0.10943723673170264, 0.1057277491146868, 0.10035862028598785, 0.09597164053808559, 0.10103350945494392, 0.1001586683771827, 0.09630310467698357, 0.09785729375752536, 0.09153418175198814, 0.08794471553780815, 0.0904597667130557, 0.09025583551688628, 0.08881487968293103, 0.0904556241902438, 0.09360386702147397]

[Macro Recall]
[0.02304594994047036, 0.045342410511971444, 0.06434981342981927, 0.08604824420264628, 0.10724200704063985, 0.1269925964289544, 0.1452858554296415, 0.1616582621197422, 0.17655195060774828, 0.19105296088422896]

[Macro Precision]
[0.035771282322620064, 0.03524802972790786, 0.03409068071031831, 0.03384315341974982, 0.03367556493440339, 0.03343259034133012, 0.03310628439239024, 0.0327105161159193, 0.03227493370901953, 0.03190567303022882]

[Macro NDCG]
[0.03827968670086116, 0.04562751905545572, 0.05246871422893812, 0.06048792479024777, 0.06833793411512128, 0.07567132669961187, 0.0824394054269261, 0.08850382054805028, 0.09401396343186672, 0.09933331511454323]

[Micro Recall]
[0.011481446887817597, 0.02262699880708906, 0.032826081247088565, 0.043450314696658804, 0.05404394043304583, 0.06438480569927468, 0.07438246963961688, 0.08399230423356015, 0.09323306904724903, 0.10240708929928675]

[Micro Precision]
[0.035771282322613986, 0.035248029727884045, 0.034090680710302836, 0.03384315341975255, 0.03367556493438579, 0.03343259034130876, 0.03310628439242143, 0.03271051611593383, 0.032274933709033414, 0.031905673030189305]

[Micro NDCG]
[0.03901756389667858, 0.04596815557729096, 0.05175962062413075, 0.05789002930667506, 0.06380834743833984, 0.06939908915450545, 0.07464924929124624, 0.07957152068204355, 0.08421010001496256, 0.08876570698782402]

