===== Tracker Values =====

[Train Loss Tracker]
[1.2699860718942457, 0.9510894840763461, 0.8144070554164148, 0.7267426367728941, 0.6375557472628932, 0.57994951932661, 0.5131733936648215, 0.4504457202649886, 0.406558552095967, 0.3885957252594732, 0.3453220378968023, 0.33268357957563094, 0.3069320162457804, 0.30044069790071054, 0.28377780318260193, 0.2814619291213251, 0.2625590740673004, 0.2522761672735214, 0.24102670278760693, 0.23698505470829626]

[Val Loss Tracker]
[0.8608655008402738, 0.7642134969884699, 0.7275478189641779, 0.6770077618685636, 0.6321391246535562, 0.599754664030942, 0.5564376820217479, 0.5371034199541266, 0.5286722535436804, 0.5281402495774355, 0.5129558037627827, 0.5049243786118247, 0.5193120214072141, 0.47896376794034784, 0.46782163327390497, 0.4762536504051902, 0.49750141122124414, 0.47306485067714343, 0.4767024137757041, 0.46824920448389923]

[Macro Recall]
[0.00865699546555464, 0.02062770278943985, 0.033086994816487164, 0.04229688759158532, 0.055315340673597946, 0.06723984829485519, 0.07669275398621812, 0.08749259612471852, 0.09814436832097242, 0.10728887657593912]

[Macro Precision]
[0.014262295081967198, 0.01803278688524591, 0.01972677595628411, 0.01995901639344267, 0.020426229508196624, 0.02038251366120224, 0.02056206088992969, 0.020450819672131134, 0.020564663023679364, 0.020491803278688416]

[Macro NDCG]
[0.014817788692326073, 0.020673830124254562, 0.02630629489811453, 0.030307413571554427, 0.03526521731485055, 0.039601012936106926, 0.0433895455785904, 0.047221565167839596, 0.051132901511746875, 0.054576617650133386]

[Micro Recall]
[0.004261154919919675, 0.010775334280256649, 0.0176813439780575, 0.02385267179311358, 0.03051378752999951, 0.036538178968506634, 0.04300337953666063, 0.0488808345986188, 0.0552970563745898, 0.061223490228730956]

[Micro Precision]
[0.014262295081967214, 0.018032786885245903, 0.019726775956284155, 0.019959016393442622, 0.02042622950819672, 0.020382513661202185, 0.02056206088992974, 0.020450819672131148, 0.020564663023679416, 0.020491803278688523]

[Micro NDCG]
[0.015304890059393282, 0.02173166835664518, 0.027102531863235756, 0.03114365749636282, 0.03533459692946878, 0.03879870920067717, 0.04247217282951271, 0.04557568009072398, 0.04899509416231019, 0.05208352432906186]

