===== Tracker Values =====

[Train Loss Tracker]
[1.233636281182689, 0.9568468716836744, 0.8358593313924728, 0.7447558372251449, 0.6508584580113811, 0.5754661521603984, 0.5143185430957425, 0.4546792882104074, 0.42032816333155476, 0.37418882164262957, 0.34836428732641284, 0.32292916361362706, 0.30405172128831187, 0.2863955733276183, 0.2699129208922386, 0.2680225598235284, 0.24730213082605793, 0.24007166249136772, 0.23519057468060525, 0.21514116852514206, 0.2127726243868951, 0.20840113970541185, 0.20696500905098453, 0.19624298570617552, 0.1950942547090592, 0.18347035372449505, 0.189416148970204, 0.17652043694209668, 0.17906733025466243, 0.17273998260498047, 0.17037200014437398, 0.16936979298630067, 0.16999390240638487, 0.16344458441580495, 0.16350512591100508, 0.15822300819620008, 0.1517076840804469, 0.15769132587217516, 0.1548857121698318, 0.15169257694675076, 0.1468148706180434, 0.1526731872750867, 0.1483691250604968]

[Val Loss Tracker]
[0.8612762581218373, 0.7689901698719371, 0.7240701588717374, 0.6849011128598993, 0.637191734530709, 0.5932898250493136, 0.5585638393055309, 0.5361563265323639, 0.4995869208465923, 0.5023403303189711, 0.4893318550153212, 0.47114678675478155, 0.46698500351472333, 0.4568600979718295, 0.4590695717118003, 0.4457848532633348, 0.44980118491432886, 0.44670588861812244, 0.4509735703468323, 0.45683508027683606, 0.4388689480044625, 0.4323808713392778, 0.44781761548735877, 0.4353807541457089, 0.4484578994187442, 0.43703563104976306, 0.43101931431076745, 0.4187153225595301, 0.4315094324675473, 0.4314311065457084, 0.40689487890763715, 0.41608738899230957, 0.40625194798816333, 0.41706497831778094, 0.41368862173774024, 0.4280836663462899, 0.4363469183444977, 0.3961259803988717, 0.426249850880016, 0.42036864161491394, 0.4121379012411291, 0.43220508098602295, 0.41562786427411164]

[Macro Recall]
[0.019757379526661865, 0.0449588431022151, 0.06575886733537763, 0.08696747757128705, 0.10603863696116238, 0.1259434010674246, 0.1420661704633792, 0.1608923647485179, 0.17685173282405667, 0.19175148977813497]

[Macro Precision]
[0.030983606557377034, 0.03262295081967219, 0.03174863387978144, 0.03229508196721313, 0.03163934426229489, 0.03180327868852467, 0.031662763466042194, 0.03168032786885242, 0.03151183970856106, 0.03122950819672126]

[Macro NDCG]
[0.032837178267795246, 0.04201078136695928, 0.04984322420586589, 0.05823998421628748, 0.06514896920528618, 0.07268191948701418, 0.07892623084797208, 0.08568377340354252, 0.09154206158213718, 0.09701023281248834]

[Micro Recall]
[0.009256991722584122, 0.019493559288827938, 0.02845667825831415, 0.038595288240192, 0.0472645344565803, 0.05701131410099427, 0.06621932703139541, 0.07572121271489445, 0.08473331047656364, 0.09330459910858598]

[Micro Precision]
[0.030983606557377048, 0.032622950819672134, 0.03174863387978142, 0.03229508196721311, 0.03163934426229508, 0.03180327868852459, 0.03166276346604215, 0.031680327868852456, 0.03151183970856102, 0.031229508196721312]

[Micro NDCG]
[0.03404620521310639, 0.041844149452475304, 0.047192397951655744, 0.053624804360609984, 0.058426781440446905, 0.06399384069435851, 0.06897368050870196, 0.07398278391779005, 0.07860447866599106, 0.08295424729148253]

