===== Tracker Values =====

[Train Loss Tracker]
[1.2658622687862766, 0.8837778395222079, 0.591391327881044, 0.39135684697858747, 0.3085062316348476, 0.25001979058968926, 0.2433082442129812, 0.21007835240133346, 0.19420940477040508, 0.18319457625189134, 0.18359733252756058, 0.15799845148238442, 0.15470545330355245, 0.15244245481106541, 0.14124910365189275, 0.14149728177055235, 0.13337211551204806, 0.1297445501531324, 0.12631674118400102, 0.12833697036389383, 0.11769150997391872, 0.11266432101688077, 0.10963870607496749, 0.10919921112156683, 0.1022984013111601, 0.09958850376067623, 0.09813290101385885, 0.09507967245524689, 0.09820499896041808, 0.097764351435246, 0.0871799727751603, 0.08964208657703092, 0.08391953029129054, 0.08230986422108065, 0.08293980119689819, 0.08335261010835247, 0.07375120215358273, 0.0760764206759397, 0.07209723840858187, 0.07677502485532914, 0.06936058377604856, 0.07154711724198874, 0.06933723317999993]

[Val Loss Tracker]
[0.7694575678218495, 0.49859399687160144, 0.32988170060244476, 0.24822307039390912, 0.2312166772105477, 0.21556135876612229, 0.19876004484566775, 0.19072225418957797, 0.1836415705355731, 0.17979416183450006, 0.17850122397596185, 0.1717950315638022, 0.18093529885465448, 0.16906742480668155, 0.16705016520890323, 0.1641814038157463, 0.1666854667392644, 0.1598873118107969, 0.16209870915521274, 0.15702818198637528, 0.15513496642762964, 0.14836566827513956, 0.15651265938173642, 0.15384710512378, 0.14462592723694714, 0.14468448609113693, 0.15031192790378223, 0.1465036631985144, 0.13856122100895102, 0.14148987626487558, 0.1472221463918686, 0.13775199922648343, 0.13903986527161163, 0.13881051946770062, 0.1357539932836186, 0.13797569410367447, 0.13663596659898758, 0.12932842021638696, 0.13648149777542462, 0.1303148540583524, 0.13530381972139532, 0.13700950823046945, 0.1349680403416807]

[Macro Recall]
[0.27266929200721557, 0.46874624839881446, 0.6281066245122837, 0.7611643067747305, 0.8582649576852303, 0.8617930465640998, 0.8659912104282901, 0.8697361344032554, 0.8718880906102604, 0.8739516609430614]

[Macro Precision]
[0.1322222222222213, 0.11957264957264914, 0.11190883190883162, 0.10628205128205126, 0.10046153846153945, 0.0842450142450138, 0.0726251526251532, 0.0639316239316239, 0.057056030389364465, 0.05147863247863297]

[Macro NDCG]
[0.1981165120848219, 0.2798435843958871, 0.33924749326649256, 0.3865036098248015, 0.421115850289416, 0.4223001222459733, 0.42354276356379084, 0.4246743529636695, 0.42533112286711655, 0.42586328587567845]

[Micro Recall]
[0.21053347849755036, 0.3807838867719107, 0.5345672291780076, 0.6769188894937398, 0.7998094719651606, 0.8048448557430593, 0.809471965160588, 0.8143712574850299, 0.8176374523679912, 0.8196788241698422]

[Micro Precision]
[0.1322222222222222, 0.11957264957264957, 0.11190883190883191, 0.10628205128205129, 0.10046153846153846, 0.08424501424501425, 0.07262515262515262, 0.06393162393162394, 0.05705603038936372, 0.05147863247863248]

[Micro NDCG]
[0.19154032017516917, 0.2703620951683871, 0.33231529809027466, 0.3850898430560429, 0.428038483904803, 0.42972506954657835, 0.43121746585101023, 0.43274271741411097, 0.43373161026659024, 0.4343355612604685]

