===== Tracker Values =====

[Train Loss Tracker]
[0.2917236342064796, 0.13159522224938677, 0.10161473037254426, 0.08725122470528848, 0.07712495900810726, 0.07256320863962173, 0.06719831728767003, 0.06417005160643209, 0.060823256750741315, 0.05766854277481475, 0.056662090723553014, 0.05817822181063915, 0.05363669105234646, 0.05149721139441094, 0.05014212357421075, 0.04930689357100956, 0.048781957657587145, 0.04753870392338403, 0.04685692050524296, 0.04608331206855514, 0.045353221999962, 0.04514498395785209, 0.04482787628207476, 0.047274836609440464, 0.06218360881170919, 0.04895353101329097, 0.04593705743806617]

[Val Loss Tracker]
[0.6081330884586681, 0.11173203248869289, 0.10441677136854692, 0.09062492915175178, 0.08375968309966, 0.07979530841112137, 0.07723132046786221, 0.07308527082204819, 0.07016220621087334, 0.06950118392705917, 0.06934587521986528, 0.070470276881348, 0.06626215983520854, 0.06456649811430411, 0.06347459994933823, 0.06357399238781496, 0.06253174658526074, 0.06166404925964095, 0.06069771200418472, 0.060384156690402466, 0.059671478515321556, 0.059391786767677826, 0.06002731181003831, 0.06346776099367575, 0.06556251374157993, 0.06131539730863138, 0.05980302054773678]

[Macro Recall]
[0.028708055832370127, 0.0567233502543942, 0.08665497487032578, 0.1116021851012968, 0.138975662485554, 0.16359596440529525, 0.18575623740478292, 0.2059366056985849, 0.2239916379283364, 0.24053024437587833]

[Macro Precision]
[0.03978996068685419, 0.0401240302447064, 0.04084036232912817, 0.040340437181992345, 0.040501904134995576, 0.0403456153627129, 0.039870292066932135, 0.03931915639744702, 0.038640370395425665, 0.03796746666999293]

[Macro NDCG]
[0.04285505087650707, 0.05337291437452307, 0.06517725852533102, 0.07490242572535515, 0.08537703423187265, 0.09476048959532285, 0.1030757331817874, 0.11060159166751352, 0.11728043692068209, 0.12338310529701722]

[Micro Recall]
[0.012771315162093512, 0.025757081785586847, 0.039325382305147843, 0.05179200261923037, 0.06499913212322941, 0.07769797611926976, 0.0895796929078769, 0.10096161536056972, 0.11162099831302133, 0.12186352395882927]

[Micro Precision]
[0.03978996068684209, 0.04012403024467673, 0.0408403623290944, 0.04034043718200331, 0.04050190413495672, 0.04034561536268798, 0.0398702920669686, 0.03931915639746279, 0.03864037039543527, 0.03796746666994789]

[Micro NDCG]
[0.04300333825005661, 0.05165103950428002, 0.060436131486914485, 0.06764982470968343, 0.07524489085066094, 0.0822211434128179, 0.08846737412336925, 0.09429708615308012, 0.09960744740280945, 0.104623007164773]

