===== Tracker Values =====

[Train Loss Tracker]
[1.1397998486795733, 0.6460873100065416, 0.4764007680839108, 0.43738113776330023, 0.3985832641201635, 0.38078213603265826, 0.3794735362452845, 0.3556133205852201, 0.36426063699107014, 0.33317783042307825, 0.3416315288312973, 0.3347352291307142, 0.31075349642384437, 0.2994718623738135, 0.29498550103556725, 0.2974397636228992, 0.2879257235796221, 0.2811711742993324, 0.27939003705978394, 0.26469878335633584, 0.26467999960145644, 0.26566134056737345]

[Val Loss Tracker]
[0.8642395518042825, 0.6317901557142084, 0.5267792587930505, 0.521511668508703, 0.5112390274351294, 0.5146972239017487, 0.505755977197127, 0.4909786148504777, 0.4906818514520472, 0.4855151664127003, 0.47957529533993115, 0.47374277494170447, 0.48249475251544605, 0.48311971805312415, 0.49491123719648883, 0.4906835745681416, 0.4922355657274073, 0.4797555777159604, 0.49176288734782825, 0.49442930113185535, 0.5023832565004175, 0.5040828450159593]

[Macro Recall]
[0.026844901601040666, 0.049469444906894075, 0.06589755490616542, 0.0872244699711825, 0.10183189568346503, 0.11490672937566888, 0.1286265835459538, 0.14507969073980823, 0.15639761587121848, 0.166740871071626]

[Macro Precision]
[0.037213114754098386, 0.03401639344262302, 0.032185792349726794, 0.03213114754098365, 0.0312459016393441, 0.030355191256830703, 0.029953161592505863, 0.02983606557377045, 0.029453551912568293, 0.02918032786885236]

[Macro NDCG]
[0.04418127503115338, 0.05007573619265106, 0.056202025871667546, 0.06411364713554993, 0.0697801910864213, 0.07472858801502838, 0.08000113015871031, 0.08597730507784199, 0.09029005901531396, 0.09443516128917497]

[Micro Recall]
[0.011118185825537542, 0.02032619875593868, 0.02884850859577803, 0.03839937307146006, 0.04667678895038448, 0.054415438115296075, 0.06264387520203751, 0.07131312141842581, 0.07919870695988637, 0.08718225008571288]

[Micro Precision]
[0.03721311475409836, 0.03401639344262295, 0.03218579234972677, 0.032131147540983604, 0.03124590163934426, 0.030355191256830602, 0.029953161592505856, 0.02983606557377049, 0.029453551912568307, 0.029180327868852458]

[Micro NDCG]
[0.044038519369128004, 0.04799941270451203, 0.052130624132077426, 0.05764748672257681, 0.0618866595375901, 0.06572947624793901, 0.06993343842668288, 0.07433809446207623, 0.07820455880720792, 0.08218672775673476]

