===== Tracker Values =====

[Train Loss Tracker]
[0.8881670611519967, 0.468648535590018, 0.39317268037026926, 0.3740858147221227, 0.33698490983055485, 0.3283655874190792, 0.32953716093494045, 0.3124591092909536, 0.3011191540187405, 0.3154007465608658, 0.2863978902178426, 0.2905209045256338, 0.2761518575491444, 0.27163915672609884, 0.2620058410590695, 0.2578525797974679, 0.2530541985986694, 0.2549716041934106, 0.24812152380904845, 0.24429501521010552, 0.2501855473364553, 0.24629064529172837, 0.24765265276355128, 0.23725983596617176, 0.22694757508654748]

[Val Loss Tracker]
[0.5741467692635276, 0.4864694503220645, 0.4634330597790805, 0.45883575623685663, 0.4342410158027302, 0.4631993987343528, 0.4485147134824233, 0.4526768245480277, 0.4373343045061285, 0.44225128943269904, 0.42823393778367475, 0.4398930641737851, 0.43937575817108154, 0.4230460253628818, 0.4052346375855533, 0.40878122503107245, 0.4382263178175146, 0.42895467443899676, 0.40433923493732105, 0.4036914272741838, 0.4166031669486653, 0.4235537594014948, 0.4202223853631453, 0.4214229773391377, 0.4101915278218009]

[Macro Recall]
[0.022178181335741707, 0.044387385036775126, 0.06784875915124815, 0.08885153229070786, 0.11594515307278538, 0.13529854589426982, 0.15536691408137965, 0.173316589965188, 0.18743202329506434, 0.19906498772897616]

[Macro Precision]
[0.03147540983606556, 0.03286885245901647, 0.033551912568306044, 0.033401639344262296, 0.034655737704917845, 0.03398907103825143, 0.03370023419203757, 0.03356557377049176, 0.03287795992714033, 0.032147540983606546]

[Macro NDCG]
[0.034048009762643314, 0.04332452258413523, 0.052752101102367874, 0.060855423339523845, 0.07112760851073793, 0.07817807423057387, 0.0854476591069379, 0.09211135084720637, 0.09733134947609483, 0.10168894529486666]

[Micro Recall]
[0.009403928099133076, 0.019640495665376893, 0.030072978400352647, 0.039917715629132586, 0.0517705833374149, 0.06092961747563305, 0.07048048195131508, 0.08022726159572904, 0.0884067198902875, 0.09604741147083314]

[Micro Precision]
[0.031475409836065574, 0.03286885245901639, 0.03355191256830601, 0.033401639344262296, 0.03465573770491803, 0.03398907103825136, 0.03370023419203747, 0.033565573770491804, 0.03287795992714025, 0.03214754098360656]

[Micro NDCG]
[0.03433626679450558, 0.04203361830708889, 0.04904361144405532, 0.05508979788056865, 0.06257382036215564, 0.06752069630442335, 0.07265889866074127, 0.07774698658125694, 0.08174245151611775, 0.08545752432892398]

