===== Tracker Values =====

[Train Loss Tracker]
[0.8557996019240348, 0.5481676156482389, 0.4285224522313764, 0.3742089444591153, 0.34119030935389383, 0.3497700883496192, 0.3169394039338635, 0.30881009467186465, 0.2892547746098811, 0.2817121729735405, 0.2718904827150606, 0.2666698059728069, 0.26396663054343195, 0.25859170815637034, 0.25467153614567173, 0.254229006267363, 0.2584703208938722, 0.25034251184232775, 0.24912399438119703]

[Val Loss Tracker]
[0.6600489941510287, 0.5400585017421029, 0.5000154240564867, 0.48939102617177094, 0.4905164025046609, 0.486771973696622, 0.488487723198804, 0.48413343050263147, 0.48399879986589606, 0.48284202272241766, 0.47792665524916217, 0.47998306155204773, 0.4764402048154311, 0.47355940396135504, 0.4740577963265506, 0.47659328850832855, 0.4795705432241613, 0.47760380669073627, 0.47512214292179455]

[Macro Recall]
[0.002372262445952631, 0.0038200462434270946, 0.005140990885462521, 0.006314403618464712, 0.007370246983730384, 0.008266850425801468, 0.009169107570582202, 0.009955301338654085, 0.0107398470679484, 0.011541502872891931]

[Macro Precision]
[0.0020857098257705295, 0.0018305495851394641, 0.001708272795315405, 0.0016282225237450147, 0.0015583386366637894, 0.0014879344228174705, 0.0014367880171606232, 0.0013925745368092582, 0.0013505814985143127, 0.0013138651072875044]

[Macro NDCG]
[0.002799116112642287, 0.0032193724193819192, 0.0036399334247220532, 0.004022587613028621, 0.004362651670519224, 0.004647262798800845, 0.004931451904267807, 0.005183116238439956, 0.005421535593672462, 0.005658872144220862]

[Micro Recall]
[0.001334164914151058, 0.0023418933927729277, 0.0032781898984437048, 0.004166097003083096, 0.004984108306232709, 0.005710717407434148, 0.006433486079982303, 0.007126299409034839, 0.007775331851439931, 0.008404394064847942]

[Micro Precision]
[0.002085709825770584, 0.0018305495851394676, 0.001708272795315458, 0.0016282225237449117, 0.0015583386366638248, 0.0014879344228175295, 0.0014367880171604912, 0.0013925745368091162, 0.0013505814985144003, 0.0013138651072873765]

[Micro NDCG]
[0.0028806779088712394, 0.003371333391560049, 0.0038336559669263034, 0.004263168016340748, 0.004645117291940106, 0.004970733382620578, 0.005290939701810996, 0.005592182847424784, 0.005868397701286913, 0.006131982267928792]

