===== Tracker Values =====

[Train Loss Tracker]
[0.40953423563511143, 0.31369511230338004, 0.2884439576056696, 0.2913052968440517, 0.28340588774411907, 0.27388926523347057, 0.26345639844094554, 0.2722403983916006, 0.24921434276526974, 0.23327815027967577, 0.25514073525705644, 0.25785261392593384, 0.23594152254443015, 0.22169108015875663, 0.20984166860580444, 0.19934384284480924, 0.19743407782047026, 0.1918447176294942, 0.1814617885937614, 0.17347482812681025, 0.18475377271252294, 0.19603154399702627, 0.18007287767625624, 0.16601087453384553, 0.16604365023874468, 0.15564740304985353, 0.15574495109819597, 0.15634191180429152, 0.1519177209946417, 0.1540058110990832, 0.14857887596853317, 0.14220394025887212, 0.14120375148711667, 0.1418047119532862, 0.1393371276076763, 0.1423974806262601, 0.14523734632999666, 0.13619518916933768, 0.1359840297410565, 0.1361627367234999, 0.13691950228906447, 0.1361322008794354, 0.1377125036331915, 0.1386984855897965, 0.1374433730398455, 0.13375331605634383]

[Val Loss Tracker]
[0.4138417460701682, 0.35237602483142505, 0.33913240920413623, 0.4095274372534318, 0.3542745059186762, 0.30248823355544696, 0.3229506869207729, 0.3033831715583801, 0.2916470061648976, 0.2711809385906566, 0.27223276550119574, 0.2926937246864492, 0.2648175169121135, 0.24480721354484558, 0.24784911898049442, 0.23289887607097626, 0.22412839667363602, 0.21628360043872485, 0.21479198336601257, 0.20431580597704108, 0.19909270920536734, 0.21793793006376785, 0.2082777741280469, 0.20061767372218045, 0.1899167773398486, 0.1879713156006553, 0.1885305575349114, 0.18469238823110407, 0.18740431558002124, 0.18061137063936752, 0.17847442626953125, 0.1772906251929023, 0.18062582070177252, 0.17638373104008762, 0.17792930657213385, 0.17319663817232306, 0.17646760019389066, 0.1733261008154262, 0.17163720049641348, 0.17023494907400824, 0.16896555843678387, 0.17250115153464404, 0.17196384817361832, 0.17230083725669168, 0.17250097339803522, 0.17025667090307584]

[Macro Recall]
[0.01866594522916509, 0.040865220238761935, 0.06177329875976379, 0.08123901194595763, 0.09833050801572471, 0.11493965675128924, 0.13137791677059535, 0.14774335108116565, 0.16277238711861788, 0.1767654422543983]

[Macro Precision]
[0.02902441523406635, 0.03206714082618141, 0.03295828904099039, 0.03329254522081646, 0.03333723248492567, 0.03338673320832299, 0.03338568116921834, 0.03335722275117062, 0.033192024669843175, 0.03297529446434543]

[Macro NDCG]
[0.028602367282969225, 0.03764893945524537, 0.04572471939887753, 0.05315529495431664, 0.0597866611016008, 0.06624468769366366, 0.07253875227336991, 0.07870605923308557, 0.08435177332278729, 0.08959614736224301]

[Micro Recall]
[0.007847129720401459, 0.01733954064515176, 0.026732111642737883, 0.036004297618321426, 0.04506578094993016, 0.05415923614260766, 0.06318378447225971, 0.0721484865565538, 0.08076507624740611, 0.08915301519177028]

[Micro Precision]
[0.029024415234013123, 0.03206714082625011, 0.03295828904096528, 0.03329254522090685, 0.03333723248476983, 0.033386733208389724, 0.03338568116935511, 0.03335722275112172, 0.0331920246699596, 0.032975294464201096]

[Micro NDCG]
[0.029812901689016524, 0.0383660043586575, 0.04477445274451009, 0.05032819848449129, 0.05534865978716696, 0.06022507622057591, 0.06494058154320526, 0.06954484400676739, 0.07387273398060658, 0.07803622204172386]

