===== Tracker Values =====

[Train Loss Tracker]
[0.5767868593815835, 0.14579506663064803, 0.12087269274577979, 0.11686280586065785, 0.10255012685252775, 0.09551901748824504, 0.09132554057625032, 0.0872666088285886, 0.08967288895960777, 0.08417073901622527, 0.0817107992066491, 0.07950693233719756, 0.07829615508296317, 0.07647394971741785, 0.09003468771134654, 0.07967748278902183, 0.07819645308078296, 0.07586891585660557, 0.07502312237216581, 0.07265087775886059, 0.0724510490413635, 0.07268274815813187, 0.07063374199694203, 0.07496810271855324, 0.07113549630007436, 0.06943139926560464, 0.06773331133092964, 0.06674329995087558, 0.06586802693744821, 0.06511490226482912, 0.06987746564611312, 0.06840718862029814, 0.06542468876127273, 0.07061033768038597, 0.07095174419303094, 0.06801270741608835, 0.06534039559623887, 0.0685614907453137, 0.06539572886521777]

[Val Loss Tracker]
[0.12930738925933838, 0.12095814469185742, 0.10385406694628975, 0.10927117209542882, 0.10955191200429742, 0.10744988579641689, 0.1000917757099325, 0.10007498819719661, 0.10053507780486887, 0.10946960205381567, 0.09200531650673259, 0.09340421787717125, 0.09476240588860078, 0.09161502597006885, 0.08920334008606998, 0.09358753128485246, 0.09716779738664627, 0.09673270041292364, 0.09480203010819176, 0.08779067275199023, 0.08773652328686281, 0.08443378724835136, 0.0847359678962014, 0.08375950699502771, 0.08833483267914165, 0.08346693353219466, 0.0849251767451113, 0.08295822753147646, 0.08189779384569688, 0.08072237128561194, 0.08001338216391476, 0.08240868625315753, 0.07903307405385104, 0.07679033414884047, 0.08341895517977801, 0.08197896182537079, 0.08091858164830641, 0.0797705426812172, 0.07946330918507143]

[Macro Recall]
[0.02136697106152025, 0.04478228517247924, 0.06692114202911711, 0.08869910031558581, 0.1097148194840985, 0.13110673848881632, 0.1512987670861139, 0.1706138431076117, 0.18697922093132166, 0.20162712622904227]

[Macro Precision]
[0.03300028915781455, 0.033880067183068845, 0.034085553798748204, 0.03433795165527147, 0.03421881248425349, 0.034011726272162895, 0.033847899475002136, 0.03371895398697916, 0.03338843054298064, 0.03298669258837172]

[Macro NDCG]
[0.035011137525639974, 0.043279151741346576, 0.051683202333575144, 0.06010416385977759, 0.06803718159917273, 0.07584830273550386, 0.08324094773618153, 0.09028727033034152, 0.0963347225947918, 0.10175197199552914]

[Micro Recall]
[0.010592045983448534, 0.02174885364240673, 0.03282114451915579, 0.04408557284704852, 0.054915766585974204, 0.06550011127384761, 0.0760487140514877, 0.08658171676886023, 0.09644964349912906, 0.10587681915955958]

[Micro Precision]
[0.03300028915781249, 0.0338800671830492, 0.03408555379873386, 0.034337951655274666, 0.034218812484234744, 0.034011726272140566, 0.033847899475033555, 0.03371895398699405, 0.033388430542994625, 0.03298669258833156]

[Micro NDCG]
[0.035641058895263256, 0.04336727164460716, 0.05039280015272443, 0.05721327363927905, 0.06336313588210217, 0.06915168512003753, 0.07479745599304338, 0.08032964108110092, 0.08535775657952273, 0.09005451995653291]

