===== Tracker Values =====

[Train Loss Tracker]
[0.5086939748256437, 0.3132114645934874, 0.27918112470257667, 0.26221284654832655, 0.2520265987803859, 0.24539316421554935, 0.23492844546994857, 0.23274148568030326, 0.23134703309305252, 0.2234289304864022, 0.22374956886614522, 0.22167888524070864, 0.21695114287637896, 0.205041499868516, 0.20243271031687338, 0.19693428902856766, 0.18793580200402968, 0.1841233838950434, 0.1815509411596483, 0.17484837506086595, 0.16993485150798673, 0.16653128448993929, 0.16160144680930721, 0.16458251495515147, 0.16703610314476874, 0.1841237054717156, 0.19065763777302158, 0.17783781958203163, 0.16584500862706092, 0.1628623830695306, 0.1642044888388726, 0.1588548066154603, 0.16443598078143212, 0.15706045324763945, 0.1559268553410807, 0.1533154871675276, 0.15462870078702126, 0.15281621835404827, 0.15353793194217066, 0.1631087997267323, 0.1718005783134891, 0.16255564266635525, 0.1523722940154614, 0.15060650316938276, 0.1501554500672125, 0.14846197744050332, 0.14957124139032058, 0.18517824959370396, 0.14652830927122024, 0.14993058145046234, 0.1457848232840338, 0.15260391658352268, 0.14852794860639879, 0.14587308850980574]

[Val Loss Tracker]
[0.3626988177949732, 0.32518933848901227, 0.3175827752460133, 0.31093417514454236, 0.3010652471672405, 0.29377585649490356, 0.2906506129286506, 0.28665330057794397, 0.27911696515300055, 0.2775154574350877, 0.2752483013001355, 0.26989286731589923, 0.2687199088660153, 0.2664877487854524, 0.263481312177398, 0.2593312845988707, 0.2564703889868476, 0.24722847884351556, 0.2606110342524268, 0.2428593174977736, 0.23303027992898767, 0.23234028978781265, 0.23049595816568894, 0.2281084101308476, 0.23170972954143176, 0.22079458155415274, 0.22249253365126523, 0.23574431917884134, 0.22512753307819366, 0.22202586856755344, 0.2192019440911033, 0.21894933012398807, 0.21760592406446283, 0.21728060326792978, 0.2179572649977424, 0.21732388843189587, 0.2148097022013231, 0.21423053199594672, 0.21408792517401956, 0.21300620653412558, 0.22300165756182236, 0.2145977792414752, 0.21073015440594067, 0.20939373157241128, 0.23256170072338797, 0.2342702570286664, 0.2344530766660517, 0.23409764604134994, 0.23419773307713596, 0.23125818913633173, 0.22951793670654297, 0.2269801226529208, 0.22600007057189941, 0.22498689591884613]

[Macro Recall]
[0.01265713499899384, 0.022601502032717786, 0.03762493143483096, 0.04701370733281563, 0.06152631397693563, 0.06974748962974116, 0.09761847340146915, 0.1066531558751408, 0.11954654374599656, 0.1374712835400639]

[Macro Precision]
[0.022346406875063653, 0.022065390477228913, 0.023630707667534293, 0.023878922809532292, 0.023746429928534128, 0.02406117967825414, 0.025641271155780316, 0.025812097900047796, 0.026035136951669636, 0.0269704874082887]

[Macro NDCG]
[0.022455194749689596, 0.025747006114772573, 0.03167848948278484, 0.035415177026626866, 0.04038158355432104, 0.04399849014561829, 0.05325550846616684, 0.05706162397556528, 0.06183831239667502, 0.06833974859748634]

[Micro Recall]
[0.006041642945065475, 0.011931332983643508, 0.019166611312256183, 0.025823914571187226, 0.032100787309964365, 0.03903152500525602, 0.048527167742677534, 0.05582910220763392, 0.06335045366858927, 0.07291823508170744]

[Micro Precision]
[0.02234640687502935, 0.022065390477247596, 0.023630707667524765, 0.023878922809608988, 0.023746429928406455, 0.024061179678305775, 0.02564127115589511, 0.025812097900008112, 0.02603513695176484, 0.026970487408160042]

[Micro NDCG]
[0.02354010277636236, 0.027492035474146158, 0.032825149924988715, 0.036719871207118907, 0.040096871182363734, 0.04393468489549185, 0.04958828860583317, 0.05343182494995151, 0.057375946342224184, 0.06261852207105845]

