===== Tracker Values =====

[Train Loss Tracker]
[0.5672491637449111, 0.3076521526691654, 0.26096795343102946, 0.24938219064666378, 0.21482710444158123, 0.18918993691421024, 0.18727108441327592, 0.21024164389218053, 0.19344481369180064, 0.17742076107571203, 0.20282248599875358, 0.18889309537987556, 0.17916215018879983, 0.1781415773495551, 0.1770182028412819, 0.16837102342997828, 0.16886371542369166, 0.16985782428133872, 0.16961168257459516, 0.1761374689878956, 0.1714096658172146, 0.17632932360133818, 0.1534254803292213, 0.16677724762308982, 0.16347189298187825, 0.15672157152045157, 0.16675468438094662, 0.15786940018616377, 0.17108776276150056, 0.16184108584157883, 0.15132510861956455, 0.15020857378840446, 0.1525666425305028]

[Val Loss Tracker]
[0.20765029503540558, 0.19362787495959888, 0.1823696494102478, 0.18404006145217203, 0.19706369801001114, 0.21115818619728088, 0.17870700291611932, 0.18434622883796692, 0.18093596669760617, 0.16541927646506915, 0.18837090920318256, 0.18518980795686896, 0.1989527324383909, 0.1818191253326156, 0.1850706548853354, 0.16931632838465951, 0.1704977283423597, 0.18006381731141696, 0.18312229690226642, 0.16403532502326099, 0.1699340052225373, 0.1709771996194666, 0.15920298343355005, 0.17461790957234122, 0.1605736024000428, 0.1868430586023764, 0.17876633188941263, 0.16143500737168573, 0.18587871911850842, 0.18606313114816492, 0.18773583322763443, 0.1816744628277692, 0.18001062558455902]

[Macro Recall]
[0.31143644639329227, 0.5251372887345584, 0.6731259211810984, 0.7851199294756742, 0.8607917879738165, 0.8705151914936808, 0.875440147681577, 0.880863618185139, 0.8845178590060462, 0.8873604948122078]

[Macro Precision]
[0.14683760683760586, 0.13213675213675194, 0.11948717948717906, 0.1099786324786323, 0.10095726495726594, 0.08499999999999952, 0.0732967032967039, 0.06445512820512815, 0.05754036087369496, 0.051965811965812445]

[Macro NDCG]
[0.24163327728714537, 0.3308324460451368, 0.38725334215595403, 0.4282923610735584, 0.4562331754059307, 0.4590286544839552, 0.46044304514459605, 0.46181628600621194, 0.4628110824589548, 0.4635710752393321]

[Micro Recall]
[0.23380511703864998, 0.4207947740881873, 0.5707675557974959, 0.7004627109417528, 0.8037561241154055, 0.8120577027762657, 0.8169569951007076, 0.8210397387044094, 0.8245781164942841, 0.8274360370168753]

[Micro Precision]
[0.14683760683760683, 0.13213675213675213, 0.11948717948717949, 0.10997863247863247, 0.10095726495726495, 0.085, 0.07329670329670329, 0.0644551282051282, 0.057540360873694206, 0.051965811965811966]

[Micro NDCG]
[0.22455787656320333, 0.3107796266760379, 0.37108259003506716, 0.4188632702271132, 0.45492626406773895, 0.4577150123318405, 0.4592898997866677, 0.46055992164243287, 0.46163213723501256, 0.4624735158341264]

